Station, Elevation
33.977109628, 116.55148628
33.9852797742, 116.570420173
33.9856065056, 116.55950301
33.9938107301, 116.581291463
34.0022889755, 116.604956927
34.0107205114, 116.64436939
34.0191237015, 116.687723787
34.0191387816, 116.713569287
34.0275949882, 116.750756298
34.0360027947, 116.797773843
34.0443765956, 116.844241625
34.0446434234, 116.864711022
34.0530885838, 116.907070493
34.061547533, 116.956278239
34.0619676494, 116.962670939
34.0705224918, 117.007574374
34.0790959445, 117.049673838
34.0882216104, 117.071087444
34.0967350364, 117.101641287
34.0988891618, 117.109377386
34.1073337426, 117.153652991
34.1157812303, 117.241528348
34.12422553, 117.288082105
34.1260612757, 117.297544944
34.1344058204, 117.342841591
34.1427771604, 117.376083667
34.1511926809, 117.392435085
34.1600401616, 117.397463731
34.1686256324, 117.397386904
34.1772475271, 117.398869784
34.1858950113, 117.394607699
34.1945498466, 117.380805274
34.1949698646, 117.379119317
34.2035513094, 117.405177272
34.2121325889, 117.442150688
34.2197887189, 117.469724078
34.2292199138, 117.485899397
34.2378059589, 117.480091079
34.2464054795, 117.45323515
34.2550066939, 117.436132244
34.2634162598, 117.443622331
34.2716391202, 117.496588055
34.2798591116, 117.518772673
34.2873858173, 117.502506257
34.2963432724, 117.498564
34.3045206608, 117.514954896
34.3126786911, 117.527635056
34.320827617, 117.530256329
34.3290575486, 117.496755397
34.3371365524, 117.480921854
34.3453010689, 117.390888152
34.3529769537, 117.312586686
34.354293201, 117.305129995
34.3623654082, 117.322136585
34.3707181811, 117.186065599
34.3788879542, 117.252139919
34.3810345352, 117.369094094
34.3892995223, 117.37966848
34.397495631, 117.451834336
34.4055897269, 117.536971951
34.4084454006, 117.573608729
34.4148141058, 117.170374452
34.4176713884, 117.180361032
34.4259368322, 117.41901636
34.4345811883, 117.807670579
34.4432730043, 118.251917718
34.4520761901, 117.923032245
34.460688727, 117.869574117
34.4692134214, 117.882671666
34.4774492051, 118.261407041
34.4852672099, 118.379108701
34.4933652811, 119.194858183
34.5014763185, 119.278471906
34.5042808663, 118.949832368
34.5123907322, 119.130321371
34.5205173194, 119.306039729
34.5286551371, 119.432872785
34.5368005394, 119.571792957
34.5449507204, 119.681986872
34.5531173845, 119.757538044
34.5615660819, 119.785675024
34.5688869151, 119.763831243
34.5734543715, 119.80224775
34.5814874002, 119.796709159
34.5895450559, 119.830625992
34.5976066827, 119.851235158
34.6056688462, 119.906539073
34.613729217, 119.963092386
34.6183123939, 119.930472851
34.6263703535, 119.981944034
34.6344058806, 119.983383428
34.6424017617, 119.990782094
34.6503468655, 120.008558521
34.6549461797, 120.052728416
34.6619515417, 119.994716741
34.6702182784, 120.021322433
34.6784827436, 120.0569159
34.6867444848, 120.029723742
34.6950039025, 120.100534476
34.7032621001, 120.153968049
34.7115188813, 120.212859064
34.7197758492, 120.289124669
34.7280323607, 120.304771913
34.7362447717, 120.337840342
34.7443897705, 120.326905805
34.752857529, 120.363911816
34.7588450806, 120.401031139
34.7608010777, 120.35159897
34.7681021189, 120.393291352
34.7757627091, 120.401763927
34.7835649434, 120.421952303
34.7913743484, 120.4690832
34.7991768157, 120.4745325
34.8069675705, 120.482158558
34.8147372133, 120.521201833
34.8224412551, 120.508110952
34.8298953863, 120.42549064
34.832707873, 120.50175102
34.8403261371, 120.442792502
34.8479302943, 120.459096951
34.8555036061, 120.468311279
34.8629878259, 120.459007691
34.8725612812, 120.46327078
34.878869624, 120.449910977
34.8852874731, 120.404057327
34.8917717089, 120.375835341
34.8982794553, 120.37070272
34.9047944825, 120.350709417
34.9113128154, 120.354441594
34.9178297162, 120.339761233
34.9243457565, 120.300639175
34.930860804, 120.31116205
34.9373743537, 120.395071381
34.9440738471, 120.461442946
34.9507463616, 120.461969741
34.9572752088, 120.487823183
34.9638065153, 120.523910206
34.9715375213, 120.605104704
34.9804455541, 120.641262229
34.9893570856, 120.686576593
34.998271886, 120.746574655
35.0071893556, 120.818454584
35.0161085248, 120.90391933
35.0250291826, 120.941316821
35.0339495629, 120.922960147
35.0426306015, 120.939130076
35.0514139528, 120.894986428
35.0601530868, 120.963998447
35.0640043589, 121.004694293
35.0728289329, 121.129321376
35.0815746495, 121.255058747
35.0909315395, 121.361473435
35.0994909388, 121.478797798
35.108158003, 121.562736986
35.1168527465, 121.599852184
35.1191298148, 121.616532381
35.1277584364, 121.668398115
35.1363802189, 121.750041512
35.1449907434, 121.869436182
35.1527427621, 121.944747842
35.1621680014, 121.949331474
35.1707504595, 121.929757578
35.1725619222, 122.061731883
35.1811191864, 122.080319373
35.1897627048, 122.098784455
35.1984328794, 122.128831791
35.2071006656, 122.149283047
35.2166751187, 122.150763897
35.224387985, 122.128661861
35.2326367801, 122.200658834
35.2406939443, 121.947520541
35.2414555331, 121.793422197
35.2494081921, 122.292743898
35.2573551725, 122.117274239
35.2653513934, 122.144210738
35.273685635, 122.151335774
35.2743085139, 121.95491681
35.2831790559, 122.228390657
35.2922169596, 122.257223293
35.3012372158, 122.286908642
35.3091946445, 122.028614033
35.3102524116, 122.118100228
35.3180943416, 122.018197437
35.3269942754, 121.784776801
35.3358944666, 122.235724839
35.3446060763, 122.446454684
35.3535092037, 122.650923025
35.3624174062, 122.624090298
35.3706685844, 122.668456746
35.3782804589, 122.787970587
35.3858881253, 122.88474586
35.3934823595, 122.958996403
35.401056907, 122.831516965
35.4086098133, 122.910785449
35.416146543, 122.939554533
35.4236772112, 122.935159463
35.4312061455, 122.797872873
35.4387357212, 122.872579417
35.4462658567, 122.949552216
35.4537899691, 123.112487222
35.4612916712, 123.193707263
35.4618864082, 123.220756916
35.4684993692, 123.213118929
35.4762950723, 123.135792237
35.4780872177, 123.057166107
35.4856476646, 123.225508226
35.493925537, 123.048044769
35.5029086784, 122.862194384
35.5119024847, 123.796677455
35.5197084979, 123.304259297
35.5209021067, 123.51383366
35.5287800924, 123.3948706
35.5378538539, 123.405685349
35.5469274185, 123.457081051
35.555997398, 123.486640105
35.5649867037, 123.443995051
35.5740533152, 123.382069449
35.5831148086, 123.52770026
35.5921735271, 123.727101414
35.6012311193, 123.854872387
35.6102892379, 124.035330049
35.6193458729, 124.388368574
35.6284021582, 124.549595958
35.6374583766, 124.639578024
35.6465180887, 124.725875015
35.6556611317, 124.773072173
35.6647165749, 124.776888918
35.6737658581, 124.834360489
35.6828154707, 124.91307193
35.6918728648, 124.957699038
35.7009372081, 124.982720415
35.7099935071, 125.017290185
35.7190246728, 125.055430591
35.7280232238, 125.055446712
35.7369919918, 125.064527707
35.7459427116, 125.0525919
35.7548840013, 125.030130477
35.7553249708, 125.043433909
35.7644899683, 125.014337201
35.7733170656, 125.005584417
35.782151766, 124.967749855
35.7910352466, 124.880752654
35.8000012033, 124.883128045
35.8090186035, 124.948174431
35.8180418743, 124.948804007
35.8270623991, 124.918308042
35.8360866957, 124.762292346
35.8447690174, 124.458217764
35.8451149689, 124.510437372
35.8538648408, 124.397543492
35.8629606502, 124.505270724
35.8710540661, 124.416995019
35.8733795919, 124.096618217
35.8821158723, 123.964015844
35.8909238263, 124.365589164
35.8998102059, 125.644809743
35.9087422205, 127.421862414
35.9177084526, 128.502485763
35.9267056631, 128.754356694
35.9357197456, 128.839541803
35.9447393775, 128.871054146
35.9537629269, 128.973829862
35.9627888464, 129.058313537
35.9724854954, 129.089900716
35.9810031722, 129.168518553
35.9899190387, 129.22748648
35.9922895908, 129.183939257
36.0014089494, 129.304492983
36.0079830279, 129.353917646
36.0104760566, 129.350440733
36.0169101921, 129.394926032
36.0257820721, 129.423151266
36.0346826874, 129.415887191
36.0436553807, 129.38459296
36.0520811262, 129.346340915
36.0610582959, 129.346894212
36.066904087, 129.400085008
36.0759110228, 129.490557468
36.0836721201, 129.606650962
36.0925326201, 129.70721324
36.0933539535, 129.648867438
36.10199478, 129.736760839
36.1106738687, 129.812965197
36.1193585837, 129.85351198
36.1280557108, 129.748837808
36.13595407, 129.882884748
36.142994351, 129.91993513
36.1500483089, 129.885288115
36.1571024461, 129.962109851
36.1643954208, 129.890783307
36.1715610804, 129.809628883
36.1787271231, 130.108813299
36.1858934647, 129.886607433
36.1941027791, 129.978044357
36.2033638902, 130.143546918
36.2126231094, 130.242554257
36.2218690538, 130.376047395
36.231076076, 130.473766139
36.2402344245, 130.541242785
36.2403180878, 130.568619265
36.2494758122, 130.608091616
36.2586162287, 130.697409412
36.2677456128, 130.789246652
36.2778008732, 130.884265559
36.2870604621, 130.981581809
36.2963259173, 131.075444397
36.3055957946, 131.138708639
36.3148716057, 131.150534104
36.3241626835, 131.120194119
36.3334700969, 131.055127199
36.3427785258, 131.114165922
36.3520818557, 131.110924723
36.3613843041, 131.173862858
36.3706864356, 131.268504456
36.3799880757, 131.351224333
36.3892901622, 131.39515678
36.3987219312, 131.451343228
36.4080204881, 131.520958865
36.4173197768, 131.588590414
36.426617569, 131.717109816
36.4359029708, 131.829641755
36.4451393429, 131.906902006
36.4543083902, 131.939712518
36.4568929802, 131.93801881
36.4659180992, 131.942621965
36.4748366018, 131.961743443
36.4837464947, 131.952543987
36.492641967, 131.910852541
36.4954766506, 131.866770306
36.504420281, 131.722063301
36.5133266008, 131.661830246
36.522280049, 131.694939324
36.5313493967, 131.762914673
36.5404256075, 131.884053661
36.5495101078, 131.969401853
36.5586080681, 132.004501736
36.5675470773, 131.864610165
36.5677198704, 132.118851486
36.576615696, 132.153179656
36.58568964, 132.505086687
36.5947650732, 132.961184216
36.6035171146, 133.231503216
36.6039195827, 133.039243529
36.612415217, 133.247214505
36.620900826, 133.437082102
36.6285289211, 133.57717865
36.6301244996, 133.591169802
36.6384498827, 133.657842112
36.646803488, 133.708782434
36.6551932267, 133.771524931
36.6636083178, 133.802142866
36.6720316309, 133.837610166
36.6804558189, 133.86532148
36.688880596, 133.890353859
36.6973054487, 133.93708078
36.7057296994, 133.961908525
36.7141542229, 133.991623835
36.7225790732, 134.009555288
36.7310037853, 133.987211729
36.7394283225, 134.042644343
36.7478528309, 134.03065722
36.7562778304, 133.973664047
36.7645770149, 133.985078544
36.7729889421, 133.987027065
36.7814198786, 133.962528268
36.7898194157, 133.986840126
36.7981671017, 134.043500702
36.8064956394, 134.045768049
36.8148212395, 134.039013986
36.8231465021, 134.019330207
36.8314717743, 134.063383303
36.8398016344, 134.127569149
36.8481694368, 134.164926523
36.8564883921, 134.168853894
36.8645985553, 134.147074247
36.8736470981, 134.133677861
36.8820295184, 134.108933727
36.8904262346, 134.074213775
36.8988333856, 134.124899764
36.9072023688, 134.155392642
36.9080998525, 134.058761836
36.9166576537, 134.33451945
36.9251943784, 134.25758699
36.9337001988, 134.338407435
36.9421262758, 134.441842795
36.9502942726, 134.464224744
36.9574603037, 134.519962121
36.9617872695, 134.371952772
36.9701303841, 134.386572241
36.9785330116, 134.453547896
36.986959204, 134.526106957
36.9954031772, 134.574908715
36.9987828524, 134.469744424
37.0070368919, 134.548061792
37.0153405011, 134.595031906
37.023671759, 134.623721388
37.0320081823, 134.604427879
37.0403443033, 134.496621494
37.0486425909, 134.553471354
37.0568548888, 134.665069145
37.0651897774, 134.787129201
37.0735324314, 134.723413125
37.081879595, 134.808070762
37.0902246209, 134.913550863
37.0985670517, 135.17040557
37.1066411494, 135.413912156
37.1144512709, 135.659543484
37.1222563208, 135.732584252
37.1300510063, 135.808970061
37.1378309422, 135.853074565
37.1455860911, 135.892724789
37.1534138946, 135.920703289
37.1610712867, 135.92339364
37.1687942958, 135.916793875
37.1765497333, 135.955079896
37.1779576558, 135.978584134
37.1854672185, 135.938433685
37.1929832881, 135.98276413
37.2005179004, 136.049984669
37.2080803275, 136.121673669
37.2156441477, 136.152071433
37.2231630177, 136.153616302
37.2306109787, 136.154660991
37.2381744487, 136.188097936
37.2395000297, 136.182568543
37.2454132279, 136.198840711
37.2470527097, 136.197910402
37.2546182516, 136.231630658
37.2621918455, 136.25878268
37.2697675563, 136.265929363
37.2773367881, 136.270277035
37.284523347, 136.256148381
37.2848922163, 136.28459707
37.2923219395, 136.271378704
37.3001092672, 136.319100395
37.3078867291, 136.342968972
37.3156585698, 136.355847706
37.3234973996, 136.393148005
37.3313229147, 136.416159248
37.3391504371, 136.427936266
37.3469795769, 136.41595062
37.3548100469, 136.380927733
37.3626142577, 136.420734778
37.3703914559, 136.433576584
37.3781611221, 136.429976845
37.3859288017, 136.430994589
37.3936950689, 136.505467586
37.4014623407, 136.57760187
37.409232128, 136.601541491
37.4166461041, 136.596111963
37.4170066733, 136.628727198
37.4242723983, 136.642217061
37.4324885119, 136.66625551
37.4400791438, 136.65955007
37.4476954125, 136.642893476
37.4553104433, 136.644504395
37.4629113169, 136.599366159
37.4704900561, 136.643500706
37.4780466542, 136.651962441
37.4855916862, 136.547309347
37.4931389106, 136.413715034
37.5006944419, 136.16132283
37.5082605495, 135.90484757
37.5091871688, 136.062002135
37.5169269729, 135.99373866
37.5246747728, 136.56596315
37.5324300019, 137.18620785
37.5404646004, 137.614865124
37.5492413745, 138.064830928
37.5575145699, 138.317028699
37.5658160419, 138.339596905
37.5741420627, 138.551551227
37.5824808959, 138.69370316
37.5908164839, 138.810514087
37.5991229437, 138.778977505
37.6073848904, 138.693869269
37.6148030335, 138.829155676
37.6156108992, 138.860858585
37.6232072838, 138.956518109
37.6316081814, 138.949461769
37.6399210099, 139.038308165
37.6484490524, 139.114484019
37.6569769814, 139.185180406
37.6655052456, 139.29802522
37.6740320042, 139.452375904
37.6825572369, 139.574917183
37.6910800853, 139.639124465
37.6995986999, 139.707454304
37.7081130619, 139.785743185
37.708404889, 139.559204732
37.7171121279, 139.791943256
37.72492957, 139.991357912
37.7335786481, 140.101967113
37.7351714025, 140.007806525
37.743617712, 140.06737737
37.7520591767, 140.09731189
37.7605080775, 140.15855244
37.7689592947, 140.226438344
37.7774118946, 140.160561969
37.7858709396, 140.269202687
37.7943436959, 140.319189206
37.8028292888, 140.382921654
37.8113217094, 140.443134301
37.819809551, 140.499400662
37.8282808674, 140.524505577
37.8367291155, 140.512006409
37.8451594388, 140.484408845
37.8535759352, 140.379461586
37.8619693517, 140.194496908
37.8708032175, 140.681290505
37.8793046336, 140.755578984
37.8878064118, 140.815310795
37.896308007, 140.771704956
37.9048077591, 140.973365068
37.913304629, 141.010109947
37.9217988714, 141.033270726
37.9302907365, 141.011712203
37.9387821638, 140.91388676
37.9472780069, 140.914761894
37.9557804402, 141.102308721
37.9642857907, 140.886246164
37.9725801707, 140.5085397
37.9806547374, 140.833976556
37.988711558, 141.874718947
37.9967488939, 142.101974924
38.0047912903, 142.048437686
38.0128232511, 141.970786451
38.0208525516, 142.133807068
38.028879172, 142.039411971
38.036907471, 142.321752863
38.0449522173, 142.219870573
38.0530152429, 141.987387439
38.06105546, 142.476779863
38.0690575701, 142.509408357
38.0770426416, 142.44858384
38.0851535099, 142.476331351
38.0932074952, 142.584861698
38.1012486709, 142.703715354
38.1093957448, 142.818808305
38.1110315169, 142.776376685
38.1193138011, 142.851355511
38.1262537971, 142.683840499
38.1289538282, 142.74282323
38.1369929887, 142.543554238
38.1451168033, 142.831345348
38.1533186089, 142.995345603
38.1615661044, 142.81249122
38.1698283467, 142.753416859
38.1780917876, 142.631562362
38.1806737423, 142.897873987
38.1889011683, 142.942338955
38.1971241953, 142.97261582
38.2053407378, 143.030002276
38.2137226565, 143.060992595
38.2219914447, 143.086165644
38.2302644507, 143.090250081
38.2385407024, 143.059671599
38.2468192324, 143.065175584
38.2471210174, 143.14226592
38.2554154776, 143.221521863
38.2637113741, 143.241349401
38.2720081732, 143.331121597
38.2803560893, 143.325622188
38.2887534297, 143.412189599
38.2971485263, 143.448162481
38.3055374767, 143.506043486
38.3139121276, 143.500820946
38.3149183352, 143.503313075
38.3235458517, 143.520140155
38.3319612602, 143.567149822
38.3403996993, 143.623565097
38.3488549945, 143.689003033
38.3573183097, 143.736008859
38.3657821915, 143.732105898
38.3742373985, 143.706202372
38.3826993348, 143.680704216
38.3911608921, 143.696871799
38.399622984, 143.787041435
38.408085568, 143.744216688
38.4165496309, 143.831189575
38.4250155157, 143.947962868
38.4334823, 144.01268731
38.4419889026, 143.99058736
38.4503825494, 143.703031185
38.4587655901, 144.109337305
38.4671406838, 143.900492448
38.4755110579, 144.04280428
38.477367501, 144.18250865
38.4859710201, 143.906984867
38.4948624302, 143.893293612
38.5037761992, 144.085011749
38.5127103703, 144.265251157
38.5216590399, 144.403887674
38.530616083, 144.515972073
38.5395776247, 144.627574211
38.5488047385, 144.736414676
38.5577573084, 144.917550366
38.566708696, 144.79917342
38.5756598367, 144.637063361
38.5846112316, 144.67259966
38.5935624777, 144.784731306
38.6025133769, 144.94473628
38.6114639437, 145.554692582
38.6204127279, 145.665805967
38.6293463688, 145.701218711
38.6382441929, 145.763402887
38.6384015399, 145.728248075
38.6473110278, 145.830832289
38.6560197882, 145.890668787
38.6648980302, 145.947796169
38.6739226186, 145.991841413
38.6829484232, 146.075727026
38.6919742588, 146.174739177
38.7010003888, 146.288419983
38.7100264432, 146.344520898
38.7190515964, 146.417294181
38.7280769209, 146.477876313
38.7371026293, 146.483466445
38.7461281264, 146.505226183
38.7551528646, 146.505698423
38.7641760989, 146.471005763
38.7731963456, 146.426151388
38.7813719959, 146.347384552
38.79135961, 146.420702306
38.8003894939, 146.540509416
38.8094190001, 146.581941919
38.818449024, 146.633328695
38.8272951545, 146.702480664
38.8274788725, 146.730320357
38.836391357, 146.730226617
38.8454910673, 146.759484251
38.8545909926, 146.814358245
38.863689192, 146.806921996
38.8727801191, 146.683038731
38.8818564492, 146.707659464
38.8908943949, 146.743974094
38.899979152, 146.966535744
38.9090699085, 147.017158674
38.9181659284, 147.05886273
38.9272646076, 147.089427727
38.9363631722, 147.133872281
38.9454619581, 147.225051231
38.9545603978, 147.26741683
38.9636591926, 147.300449405
38.9727580578, 147.342770552
38.9818565596, 147.372227721
38.9909542153, 147.366800918
39.0000520346, 147.348235893
39.0097900283, 147.426924995
39.0097900283, 147.404373491
39.0188185574, 147.463373901
39.0278597755, 147.508116839
39.0369041752, 147.511731433
39.0459520715, 147.524469665
39.0550070178, 147.540444196
39.0640753369, 147.583876569
39.0733082942, 147.61756522
39.074096709, 147.615168173
39.0834950639, 147.66542354
39.0928952104, 147.711228613
39.1022959147, 147.692648264
39.1116977605, 147.654202725
39.1220183806, 147.661401552
39.1305243052, 147.704909429
39.1399440615, 147.691679886
39.1493678123, 147.637026364
39.1587868705, 147.720269755
39.1681972342, 147.777112637
39.1775972544, 147.783057414
39.186988358, 147.823512846
39.196374667, 147.880636841
39.2057606752, 147.94354619
39.2151489661, 147.989568251
39.2235944335, 148.04256725
39.224539692, 148.086476975
39.2322441942, 148.031755557
39.234644192, 148.069623197
39.2439691975, 148.046716807
39.2532858203, 148.231240057
39.2625946492, 148.157727143
39.2718961169, 147.984708962
39.2811923503, 148.125247406
39.2836470539, 148.107430973
39.2929498972, 148.242156936
39.3022529566, 148.247609411
39.311556684, 148.320821198
39.3208602912, 148.58803416
39.323440446, 148.647819749
39.331627942, 148.447579837
39.3407333027, 148.474177173
39.3499182638, 148.638983446
39.350624201, 148.606341923
39.359908486, 148.743033294
39.3692641996, 148.83698945
39.378657726, 148.899416881
39.3880706861, 149.0053346
39.3975563174, 149.085176645
39.4069565933, 149.152610836
39.4163605886, 149.239949337
39.4257653597, 149.279169015
39.4351705112, 149.338249597
39.4445757578, 149.407841759
39.453980294, 149.476634125
39.4633855713, 149.546464049
39.4727891889, 149.554819006
39.4821883976, 149.540783512
39.4833067601, 149.592856247
39.4926877194, 149.565383536
39.502060077, 149.595716609
39.5114233733, 149.714241005
39.520689465, 149.856159527
39.530051208, 150.002859291
39.5394131399, 150.12299782
39.5487749869, 150.220717865
39.5492433126, 150.198876219
39.558621346, 150.237253421
39.56800371, 150.263001426
39.5773914364, 150.284852955
39.5867828487, 150.293809011
39.596172082, 150.302824453
39.6057452319, 150.294388475
39.6151414439, 150.280445958
39.6245401077, 150.243912784
39.6339410905, 150.218451314
39.6433430306, 150.210542404
39.6527450937, 150.1276246
39.6621477628, 150.158158283
39.6715505681, 150.1293367
39.6809534029, 150.174446355
39.6911746032, 150.200867017
39.6911746032, 150.055657972
39.7004695808, 149.644526042
39.7098073435, 149.456638223
39.719186988, 150.218610829
39.7285938114, 150.480628177
39.7380122305, 150.579092716
39.7474348392, 150.583144577
39.7568568281, 150.714942048
39.7667727767, 150.642433645
39.7757073643, 151.006805351
39.7851162868, 151.003260323
39.7945266857, 150.848423027
39.8039361314, 151.062327066
39.8133459745, 151.028255102
39.8227632119, 151.238483689
39.8321829317, 151.385308773
39.8412165077, 151.530164508
39.8505645679, 151.484119569
39.859945354, 151.623975409
39.8605179763, 151.402949914
39.8699064746, 151.633636907
39.8793037199, 151.583456571
39.8887044637, 151.590814018
39.898106382, 151.56811614
39.9075080077, 151.721880208
39.9169101443, 151.945237196
39.926312617, 152.019258692
39.9357166805, 152.114837071
39.9451334206, 152.255799483
39.9545340384, 152.358680888
39.963904165, 152.40716446
39.9732396946, 152.562980906
39.982363639, 152.779372283
39.982559393, 152.81660224
39.9917025087, 152.778611244
40.0010386276, 152.789792619
40.0102853777, 152.836137211
40.0195328723, 152.870231737
40.021809263, 152.883950858
40.0310715509, 152.8880485
40.0403421905, 152.883416381
40.049602517, 152.839658098
40.0587941028, 152.963563577
40.0610426118, 152.933258162
40.0700436277, 152.979518156
40.0789762485, 152.954938256
40.0882291995, 152.999751382
40.089483776, 153.032115906
40.0987634366, 153.005665402
40.1080856015, 152.969872585
40.1174383784, 152.902177158
40.1268097848, 152.994990718
40.1361904446, 152.912374411
40.1455736647, 152.735898499
40.1468432098, 152.813988705
40.1562369103, 152.799489413
40.1654941948, 153.004490963
40.1749159047, 152.724258538
40.1843374984, 153.048338579
40.1937588793, 153.200132895
40.2031807243, 153.392559669
40.2126025438, 153.489157076
40.2220230453, 153.581223535
40.2314435729, 153.653567297
40.2408637328, 153.767852605
40.250200206, 153.868600611
40.2596125037, 153.962283103
40.2690246372, 153.971931736
40.2777906256, 154.095066812
40.2784368152, 154.136621637
40.287193662, 154.126292606
40.2965969666, 154.157746544
40.306000305, 154.21904026
40.3154066647, 154.321117672
40.3248152915, 154.428456668
40.3341997774, 154.455637264
40.3435043822, 154.538893274
40.3442425432, 154.532650381
40.3529820015, 154.615298784
40.3622649831, 154.753136414
40.3639042585, 154.710014787
40.3732209395, 154.771121934
40.3825516882, 154.467541862
40.3918935167, 154.489328514
40.4012441227, 154.704658319
40.4106005175, 154.889348799
40.4199599667, 155.126578245
40.4293215016, 155.177374198
40.4309497334, 155.24296027
40.4403060425, 155.228453751
40.4492443777, 155.315096314
40.458589362, 155.33279996
40.4678741432, 155.445910036
40.4679471068, 155.416418215
40.4772585114, 155.40590974
40.4866529269, 155.407511127
40.496050444, 155.362620881
40.5054516274, 155.392244822
40.5148562091, 155.477700129
40.5242636023, 155.581020999
40.5336736598, 155.687302409
40.5430833906, 155.809783671
40.552491982, 155.911908504
40.5618991649, 155.980133393
40.571297165, 156.057457258
40.5806998277, 156.163605541
40.5901017298, 156.266613093
40.5995034952, 156.37588013
40.6089059868, 156.44839474
40.6181400867, 156.493431004
40.6272060763, 156.541946778
40.6362720932, 156.591815873
40.6453326101, 156.546979701
40.654377005, 156.494105646
40.6633736383, 156.62569798
40.6739036179, 156.57754908
40.6828795798, 156.639584379
40.6919307326, 156.721741237
40.70099504, 156.787653257
40.7100581286, 156.839400062
40.719073928, 156.844714473
40.7280419248, 156.868179196
40.7369885675, 156.94204698
40.746097987, 156.959460935
40.7550858945, 156.966019503
40.7640747148, 156.995372811
40.7730622792, 157.027813581
40.7820498059, 157.017747704
40.7910378924, 157.019767466
40.8000246695, 157.0968371
40.8090109049, 157.159189906
40.8179958588, 157.164255973
40.8269794509, 157.184464986
40.8359622977, 157.216752101
40.8448545486, 157.233077324
40.8538277731, 157.269174035
40.8628017177, 157.284237903
40.8717945546, 157.244913046
40.8808170143, 157.215138747
40.8898449025, 157.238446734
40.8988575248, 157.160175851
40.907846289, 157.215842889
40.9168213799, 157.180843733
40.9257950521, 157.187247545
40.9348548269, 157.229688664
40.94386933, 157.239023433
40.9528840303, 157.033377375
40.9618988005, 156.827260551
40.9709132846, 157.092452747
40.9799292757, 157.312843598
40.9889468175, 157.454822051
40.9979660415, 157.499853718
41.0069867511, 157.470077914
41.0160092029, 157.531874044
41.0250327083, 157.545848831
41.0340579407, 157.586726756
41.0430828547, 157.668983368
41.0521086971, 157.684645293
41.0611338877, 157.776498382
41.0701590825, 157.963615555
41.0786603691, 158.109181739
41.0866453205, 158.211279644
41.0946315063, 158.273105874
41.1026094272, 158.286043183
41.1105280726, 158.355170314
41.1183338523, 158.49741778
41.1262375114, 158.617317585
41.1341587573, 158.656308021
41.1420957623, 158.673294988
41.1500539257, 158.720965836
41.1580298738, 158.79115829
41.1660147203, 158.778877185
41.1740034921, 158.828909085
41.1819731721, 158.909612462
41.1898920466, 158.909781756
41.1972928661, 158.868973149
41.205178681, 158.921183858
41.2130903653, 158.990275234
41.2135731292, 158.916856381
41.2212237177, 159.004149889
41.2288874842, 159.047357333
41.2365538185, 159.047539168
41.2442064288, 158.996143854
41.2517561532, 158.992148413
41.2591438051, 158.836122745
41.2603016862, 159.020246157
41.2678268766, 159.047741312
41.2753044467, 159.157763167
41.2778980729, 159.063206732
41.2839996609, 159.117644513
41.2922420031, 159.252072117
41.3008968937, 159.368793165
41.3099708396, 159.337621923
41.3190439489, 159.3703894
41.3281166611, 159.378241576
41.3371891397, 159.342776157
41.3465181108, 159.357909207
41.3555858821, 159.480317924
41.3646244718, 159.572302069
41.3736008323, 159.629889894
41.3825113823, 159.696072292
41.3838075083, 159.695212244
41.3927221579, 159.743821221
41.4015832557, 159.754168796
41.4115895198, 159.748185555
41.4206514846, 159.72002032
41.4297302181, 159.678529748
41.4387460402, 159.688963899
41.447809207, 159.698660512
41.4568910187, 159.677546831
41.4584921342, 159.704177634
41.4675275232, 159.587420146
41.4765639656, 159.621155068
41.4856019832, 159.669397894
41.4946422005, 159.759496051
41.5041854153, 159.64026319
41.5131886759, 159.705645266
41.5222239268, 159.875458056
41.5312781419, 159.53771983
41.5403360447, 158.743971185
41.5407960562, 159.20825259
41.5498967701, 159.45001555
41.557968358, 159.592216706
41.5680045639, 159.750948238
41.5766517521, 159.940971234
41.5770916596, 159.961874549
41.5857067281, 160.161760666
41.5947649743, 160.112984316
41.6038248571, 159.989052118
41.6128859671, 160.043888233
41.6219481044, 160.198421127
41.6310116849, 160.469768215
41.6399173391, 160.545765592
41.6489724848, 160.549753457
41.6580305581, 160.602372367
41.6670930311, 160.657873278
41.668406393, 160.766377703
41.6775222726, 160.876965428
41.6866403084, 161.017029431
41.6957545545, 161.287718781
41.704860568, 161.431726152
41.7139587576, 161.616670834
41.7233542288, 161.888642383
41.7324259714, 162.148220401
41.7415049153, 162.356210672
41.7505983341, 162.463896365
41.7597080807, 162.527889182
41.7688289791, 162.627218157
41.7779522578, 162.746969535
41.7869016692, 162.779639342
41.7870750782, 162.804688336
41.795975938, 162.828203715
41.8044839233, 162.869598432
41.8142917082, 162.686808774
41.8232957275, 162.394016287
41.8323244288, 162.366527429
41.8413992634, 162.695200466
41.8504970378, 162.563654281
41.8595818574, 162.795949446
41.8686550172, 162.958836471
41.877722315, 162.942351265
41.8867825957, 162.805723966
41.8958379533, 162.86476906
41.9051903803, 162.995984231
41.9139640975, 163.13267282
41.922828771, 163.144508337
41.931776764, 162.904978021
41.9324829306, 162.96917822
41.9414696906, 163.119675365
41.9504946182, 163.171124019
41.9595241145, 163.40883274
41.9685534939, 163.695289122
41.9775830572, 164.013198598
41.9866118802, 164.214092354
41.9956411022, 164.376721858
42.0046669182, 164.574842764
42.0136774005, 164.738713388
42.0226671823, 164.854203478
42.031649618, 164.902417295
42.0406112912, 165.079658753
42.0406912617, 164.927296728
42.0495568272, 165.161717018
42.0584998383, 165.172879077
42.0671546937, 165.191028096
42.0755155957, 165.303473119
42.083850203, 165.445590968
42.0921464709, 165.611495831
42.1013793053, 165.681841451
42.1095542981, 165.707952348
42.1178090165, 165.765064097
42.1204896959, 165.83341511
42.1285799541, 165.87451635
42.1366892871, 165.968485609
42.1448018526, 166.054069809
42.1529160776, 166.161324899
42.1610374997, 166.246371949
42.1691688796, 166.306120444
42.1773127348, 166.379091371
42.1785320634, 166.360924625
42.1864709176, 166.37145379
42.1943428537, 166.420352245
42.2023121067, 166.414883277
42.2102814926, 166.491126332
42.218256423, 166.510480449
42.2262413578, 166.538548552
42.2342324285, 166.539437238
42.2422157258, 166.479581257
42.2501774398, 166.536802389
42.2581254704, 166.490036746
42.2593158901, 166.600688236
42.2674617856, 166.575753712
42.2755836127, 166.574106225
42.2836718229, 166.590044187
42.2917554963, 166.5947205
42.2998748009, 166.587503532
42.3080014226, 166.579092868
42.3165052257, 166.463774777
42.3167252157, 166.552210894
42.3258811982, 166.422091396
42.3352750131, 166.350801926
42.3446355663, 166.252484428
42.34481794, 166.302317235
42.3538205023, 166.27685559
42.3630938422, 166.309319031
42.3640737823, 166.209766495
42.3734422329, 166.331331432
42.3828137622, 166.488606065
42.39218996, 166.69576245
42.4015735833, 166.926521904
42.4109545746, 167.113493497
42.4203131489, 167.227318443
42.4296520027, 167.315213902
42.4389829441, 167.434507654
42.4491616742, 167.609623616
42.4567357924, 167.696043114
42.4575758077, 167.596681118
42.4666844762, 167.600081717
42.4759134217, 167.626892365
42.4852494383, 167.666496167
42.4946103119, 167.68367772
42.50396195, 167.739854311
42.5133051388, 167.910670376
42.5226416216, 167.907066225
42.5312159175, 168.082096483
42.5319694611, 167.174685833
42.5392853496, 167.20201545
42.5438927122, 168.053170076
42.5528932315, 167.334669684
42.5620413244, 168.725882864
42.5712206791, 168.625714698
42.5803984304, 168.725156198
42.5895643429, 168.844140812
42.5943080431, 169.10384517
42.603378333, 169.001933123
42.6121746542, 168.991941225
42.6212690147, 168.993319582
42.6297971342, 168.895426259
42.6305686565, 169.006671155
42.6391613474, 168.921723177
42.6485329628, 168.967898366
42.657909047, 168.990143341
42.6672631274, 169.008165925
42.6679679857, 169.153633747
42.6767458815, 169.142295353
42.685236866, 169.09021865
42.6877711605, 169.023858444
42.6970686462, 169.044873325
42.7064032868, 169.119933782
42.7157546482, 169.018477911
42.7251137392, 169.116372229
42.7344751108, 169.443753059
42.7438315101, 169.648759261
42.7531696125, 169.969346224
42.7630045773, 170.161845487
42.7723679261, 170.24125196
42.7817076896, 170.285133948
42.7831447054, 170.405009435
42.7924666587, 170.544809074
42.8017592729, 170.733356264
42.8133777327, 170.898707028
42.8275425519, 171.205931565
42.8415739541, 171.540137897
42.8556017734, 171.78173896
42.856599509, 171.749971002
42.8722660587, 171.944996507
42.8861361452, 172.180765391
42.900234995, 172.374742746
42.9143437341, 172.387768578
42.9283886819, 172.689998844
42.9330458488, 172.724843138
42.946816746, 173.036698445
42.9609506939, 173.638662331
42.9750404262, 173.804186986
42.9890203199, 174.091599068
42.9925300914, 174.273157484
43.0024978067, 174.514211259
43.0071556047, 174.383431914
43.019416517, 174.527616001
43.0241433084, 174.531965727
43.036967614, 174.49318599
43.0417154111, 174.648410053
43.0547684718, 174.518782213
43.0688160157, 174.259754565
43.0828771363, 174.347389228
43.0969306603, 174.173326405
43.1112497901, 174.143743623
43.1253110738, 174.867523992
43.1266668279, 175.136624203
43.1402077784, 175.555096486
43.1430242313, 175.338237319
43.1542267736, 175.550665735
43.1641389592, 175.578426855
43.1676379781, 175.787859199
43.1770583679, 175.76929213
43.1865721803, 175.554906578
43.1890409946, 175.889533444
43.1988856116, 176.398202172
43.2073904967, 176.786386597
43.2118498246, 175.967908887
43.2201425568, 176.092015501
43.2285371831, 176.635768221
43.2369895737, 177.084994843
43.2455064013, 177.46048593
43.247911381, 178.455201345
43.2560566287, 178.469674795
43.26541927, 178.806305376
43.2759720856, 177.148405879
43.2865290711, 179.447780394
43.2970953251, 179.218438
43.3076748482, 178.896309648
43.3182669637, 178.784398072
43.328872675, 178.876014758
43.3404917084, 179.011839614
43.340906366, 179.259795631
43.3539280129, 179.457302347
43.3663200258, 179.683140849
43.3787081035, 179.869652008
43.3801512838, 180.042382922
43.3925042272, 180.380533128
43.4048645941, 180.674444331
43.4062411502, 180.611577227
43.4172087043, 180.942515651
43.431656904, 181.406116479
43.4322233885, 181.436560106
43.4462209915, 181.812311796
43.4602462822, 182.02097726
43.4742952062, 182.231682708
43.4883237097, 182.495435685
43.5023334384, 182.613708436
43.5163880534, 182.653970809
43.5304402317, 182.637468742
43.5444934866, 182.595709652
43.5585522313, 182.810436534
43.572622882, 182.887898294
43.5866939114, 182.905925588
43.587599544, 182.920693781
43.6017676971, 182.968846283
43.6159295193, 183.09658073
43.6274873296, 183.205258424
43.6364593795, 183.337355873
43.6453697782, 183.470842737
43.6543233335, 183.653095799
43.6632837241, 183.773450047
43.6722576478, 183.873648474
43.681248085, 184.003826862
43.6902429065, 184.090169075
43.6992403514, 184.23614144
43.7082382891, 184.33758218
43.7172345078, 184.341345579
43.7262285448, 184.380746561
43.7352197756, 184.483087968
43.7442086303, 184.538823399
43.7533396957, 184.545554005
43.7623002783, 184.668911318
43.7712635996, 184.976535648
43.7802224525, 185.270742007
43.7891586241, 185.4958984
43.7980703017, 185.627620303
43.8069676116, 185.666159629
43.8168652581, 185.690403354
43.8258213132, 185.683338785
43.8347959056, 185.718174879
43.8437805231, 185.785507803
43.8527586236, 185.862105639
43.8617136303, 185.897178176
43.8706417116, 185.992413135
43.8795467507, 186.170444074
43.8887229336, 186.256839362
43.8975143019, 186.453744472
43.9062967542, 186.616427441
43.9146816518, 186.696193046
43.9161007524, 186.815054471
43.9244002091, 186.880332463
43.932635, 186.964361747
43.9408095658, 186.989670658
43.9511088195, 186.980459398
