Station, Elevation
33.977109628, 149.542852337
33.9852797742, 149.684888094
33.9856065056, 149.59523122
33.9938107301, 149.731610243
34.0022889755, 149.798314841
34.0107205114, 149.880137812
34.0191237015, 149.940341999
34.0191387816, 150.035535827
34.0275949882, 150.06395077
34.0360027947, 150.117416898
34.0443765956, 150.151563979
34.0446434234, 150.238513189
34.0530885838, 150.253001894
34.061547533, 150.25259008
34.0619676494, 150.315643647
34.0705224918, 150.290743507
34.0790959445, 150.251832866
34.0882216104, 150.134820603
34.0967350364, 149.992603772
34.0988891618, 149.936753975
34.1073337426, 149.789799138
34.1157812303, 149.815310921
34.12422553, 149.711988965
34.1260612757, 149.641507566
34.1344058204, 149.619981431
34.1427771604, 149.593300116
34.1511926809, 149.511888505
34.1600401616, 149.376203528
34.1686256324, 149.23585083
34.1772475271, 149.092312618
34.1858950113, 148.934183389
34.1945498466, 148.927562624
34.1949698646, 148.929131664
34.2035513094, 149.30561202
34.2121325889, 149.660007143
34.2197887189, 149.929450611
34.2292199138, 150.181607346
34.2378059589, 150.242303894
34.2464054795, 150.045847685
34.2550066939, 149.905523939
34.2634162598, 150.166185607
34.2716391202, 150.549814841
34.2798591116, 150.674196961
34.2873858173, 150.710880534
34.2963432724, 150.808107492
34.3045206608, 151.021884906
34.3126786911, 151.201736028
34.320827617, 151.378397115
34.3290575486, 151.358347066
34.3371365524, 151.530838024
34.3453010689, 151.545495183
34.3529769537, 151.605575708
34.354293201, 151.815716883
34.3623654082, 152.218515146
34.3707181811, 152.318178585
34.3788879542, 152.338262127
34.3810345352, 152.757527302
34.3892995223, 152.840781154
34.397495631, 152.941406836
34.4055897269, 153.185081174
34.4084454006, 153.320381157
34.4148141058, 152.905115459
34.4176713884, 153.011518946
34.4259368322, 152.963495725
34.4345811883, 153.004565047
34.4432730043, 153.237358212
34.4520761901, 153.060636816
34.460688727, 152.987399926
34.4692134214, 152.83298343
34.4774492051, 152.947813164
34.4852672099, 152.752434494
34.4933652811, 153.154598638
34.5014763185, 153.044071514
34.5042808663, 152.891973747
34.5123907322, 152.850126283
34.5205173194, 152.851397163
34.5286551371, 152.757899382
34.5368005394, 152.76929848
34.5449507204, 152.723859983
34.5531173845, 152.706024288
34.5615660819, 152.504446196
34.5688869151, 152.081599708
34.5734543715, 152.047833612
34.5814874002, 151.866993781
34.5895450559, 152.376397073
34.5976066827, 152.500757256
34.6056688462, 152.765810955
34.613729217, 152.940406255
34.6183123939, 152.989149276
34.6263703535, 153.249999359
34.6344058806, 153.252073625
34.6424017617, 153.214108319
34.6503468655, 153.238413418
34.6549461797, 153.398613295
34.6619515417, 153.053520931
34.6702182784, 153.108509442
34.6784827436, 153.232127457
34.6867444848, 153.031708536
34.6950039025, 153.372819313
34.7032621001, 153.608778209
34.7115188813, 153.799611272
34.7197758492, 154.114922561
34.7280323607, 154.261841506
34.7362447717, 154.612076157
34.7443897705, 154.695842149
34.752857529, 155.008178446
34.7588450806, 155.162411794
34.7608010777, 154.707864116
34.7681021189, 154.845604904
34.7757627091, 154.706958348
34.7835649434, 154.739568812
34.7913743484, 154.984582091
34.7991768157, 155.009374101
34.8069675705, 155.130220271
34.8147372133, 155.659775599
34.8224412551, 155.733837782
34.8298953863, 155.115908441
34.832707873, 155.93497751
34.8403261371, 155.612782248
34.8479302943, 155.93068115
34.8555036061, 156.132826819
34.8629878259, 156.186919292
34.8725612812, 156.241200084
34.878869624, 156.164660243
34.8852874731, 155.933205204
34.8917717089, 155.79140303
34.8982794553, 155.795690614
34.9047944825, 155.714184254
34.9113128154, 155.782631939
34.9178297162, 155.814298854
34.9243457565, 155.792660632
34.930860804, 155.859230951
34.9373743537, 156.016176028
34.9440738471, 156.13547283
34.9507463616, 156.176966019
34.9572752088, 156.250930123
34.9638065153, 156.318640362
34.9715375213, 156.460808072
34.9804455541, 156.490675689
34.9893570856, 156.623535184
34.998271886, 156.735177222
35.0071893556, 156.812508921
35.0161085248, 156.885871745
35.0250291826, 156.954679829
35.0339495629, 156.955876515
35.0426306015, 157.090840211
35.0514139528, 157.058170377
35.0601530868, 157.177697615
35.0640043589, 157.294913662
35.0728289329, 157.371415854
35.0815746495, 157.518898178
35.0909315395, 157.617952808
35.0994909388, 157.675391783
35.108158003, 157.775551502
35.1168527465, 157.799167251
35.1191298148, 157.678228741
35.1277584364, 157.668839263
35.1363802189, 157.676088167
35.1449907434, 157.765281159
35.1527427621, 157.838304269
35.1621680014, 157.796407956
35.1707504595, 157.482411038
35.1725619222, 157.684104672
35.1811191864, 157.60856274
35.1897627048, 157.544916277
35.1984328794, 157.604487371
35.2071006656, 157.711837802
35.2166751187, 157.683278249
35.224387985, 157.375439947
35.2326367801, 158.090943784
35.2406939443, 156.016628319
35.2414555331, 155.877873686
35.2494081921, 158.048690572
35.2573551725, 156.128532427
35.2653513934, 156.182168882
35.273685635, 156.093174712
35.2743085139, 155.264033249
35.2831790559, 156.268093609
35.2922169596, 156.088428273
35.3012372158, 156.384680847
35.3091946445, 155.156370353
35.3102524116, 155.797726842
35.3180943416, 155.503649673
35.3269942754, 154.128989131
35.3358944666, 155.274774551
35.3446060763, 155.489869591
35.3535092037, 155.852540368
35.3624174062, 155.402740193
35.3706685844, 155.557015101
35.3782804589, 155.66166166
35.3858881253, 155.70162573
35.3934823595, 155.799583719
35.401056907, 154.562563575
35.4086098133, 155.149181777
35.416146543, 155.251601826
35.4236772112, 156.103290697
35.4312061455, 156.352439627
35.4387357212, 157.092885004
35.4462658567, 157.493490544
35.4537899691, 159.021946937
35.4612916712, 159.909288732
35.4618864082, 159.715344761
35.4684993692, 159.816949654
35.4762950723, 159.112957278
35.4780872177, 158.892030538
35.4856476646, 159.943034548
35.493925537, 159.890885201
35.5029086784, 160.314311867
35.5119024847, 162.385506219
35.5197084979, 160.833291955
35.5209021067, 160.963720807
35.5287800924, 161.17966527
35.5378538539, 161.472381678
35.5469274185, 161.860904606
35.555997398, 162.199052584
35.5649867037, 162.431506009
35.5740533152, 162.599411893
35.5831148086, 163.04772192
35.5921735271, 163.291889619
35.6012311193, 163.408499875
35.6102892379, 163.419458208
35.6193458729, 163.780176411
35.6284021582, 163.97517425
35.6374583766, 164.075011848
35.6465180887, 164.222728903
35.6556611317, 164.336869708
35.6647165749, 164.282657396
35.6737658581, 164.357397054
35.6828154707, 164.441293287
35.6918728648, 164.40106242
35.7009372081, 164.256472255
35.7099935071, 164.17974084
35.7190246728, 164.239536556
35.7280232238, 164.06131786
35.7369919918, 164.113059355
35.7459427116, 164.032179188
35.7548840013, 163.928872716
35.7553249708, 163.868329871
35.7644899683, 163.558791035
35.7733170656, 163.439071426
35.782151766, 163.623057128
35.7910352466, 163.726042335
35.8000012033, 164.040256043
35.8090186035, 164.616025889
35.8180418743, 165.001066572
35.8270623991, 165.292233783
35.8360866957, 165.203528223
35.8447690174, 164.862427051
35.8451149689, 164.822143657
35.8538648408, 164.914421622
35.8629606502, 165.097957476
35.8710540661, 165.100442515
35.8733795919, 164.70931508
35.8821158723, 164.712369608
35.8909238263, 164.595772421
35.8998102059, 164.641947596
35.9087422205, 165.284691679
35.9177084526, 166.145576175
35.9267056631, 166.358536229
35.9357197456, 166.489893054
35.9447393775, 166.35699005
35.9537629269, 166.673575186
35.9627888464, 167.045180218
35.9724854954, 167.302990684
35.9810031722, 167.466262545
35.9899190387, 167.703977135
35.9922895908, 167.008231471
36.0014089494, 167.674567383
36.0079830279, 168.1541177
36.0104760566, 167.73705088
36.0169101921, 168.356142772
36.0257820721, 168.711246798
36.0346826874, 168.805465353
36.0436553807, 168.684957517
36.0520811262, 168.652542293
36.0610582959, 168.876734052
36.066904087, 169.39499602
36.0759110228, 169.780943728
36.0836721201, 170.02963324
36.0925326201, 170.292733138
36.0933539535, 169.568277737
36.10199478, 169.789829962
36.1106738687, 170.033792456
36.1193585837, 170.183187292
36.1280557108, 169.270592197
36.13595407, 170.081327962
36.142994351, 170.358861672
36.1500483089, 170.100880618
36.1571024461, 170.65900787
36.1643954208, 170.066977048
36.1715610804, 169.629868008
36.1787271231, 171.055858488
36.1858934647, 170.322546954
36.1941027791, 170.72675675
36.2033638902, 171.054660975
36.2126231094, 171.365989389
36.2218690538, 171.789260694
36.231076076, 171.919446737
36.2402344245, 171.993384694
36.2403180878, 171.996980844
36.2494758122, 172.038177364
36.2586162287, 172.249817706
36.2677456128, 172.474323672
36.2778008732, 172.697653795
36.2870604621, 173.13058471
36.2963259173, 173.556758811
36.3055957946, 173.833413489
36.3148716057, 173.809167497
36.3241626835, 173.538556386
36.3334700969, 173.425680429
36.3427785258, 173.578820741
36.3520818557, 173.706605313
36.3613843041, 173.840207109
36.3706864356, 174.056125881
36.3799880757, 174.182777672
36.3892901622, 174.183007101
36.3987219312, 174.477369862
36.4080204881, 174.507896813
36.4173197768, 174.588737452
36.426617569, 174.839819078
36.4359029708, 175.332220309
36.4451393429, 175.77839646
36.4543083902, 176.122071495
36.4568929802, 176.153555907
36.4659180992, 176.262067715
36.4748366018, 176.50624328
36.4837464947, 176.592246645
36.492641967, 176.49358228
36.4954766506, 176.565447425
36.504420281, 176.091309485
36.5133266008, 176.057582467
36.522280049, 176.260456606
36.5313493967, 176.439142752
36.5404256075, 176.658424461
36.5495101078, 176.792948649
36.5586080681, 176.879489501
36.5675470773, 176.878980364
36.5677198704, 176.919686787
36.576615696, 176.917497716
36.58568964, 176.933049978
36.5947650732, 176.993555264
36.6035171146, 177.031151749
36.6039195827, 176.993591886
36.612415217, 176.980337434
36.620900826, 177.029640598
36.6285289211, 177.120988508
36.6301244996, 176.981472691
36.6384498827, 176.942469705
36.646803488, 176.920591447
36.6551932267, 176.968423519
36.6636083178, 176.952515273
36.6720316309, 176.995669211
36.6804558189, 176.96692775
36.688880596, 176.948117848
36.6973054487, 177.043595869
36.7057296994, 177.049051752
36.7141542229, 177.059323999
36.7225790732, 177.040853481
36.7310037853, 176.867789918
36.7394283225, 177.231873525
36.7478528309, 177.253891571
36.7562778304, 177.014882124
36.7645770149, 177.225838059
36.7729889421, 177.247435609
36.7814198786, 177.218325814
36.7898194157, 177.360012881
36.7981671017, 177.664093378
36.8064956394, 177.712371497
36.8148212395, 177.842933965
36.8231465021, 177.922246702
36.8314717743, 178.091261389
36.8398016344, 178.262789439
36.8481694368, 178.275590651
36.8564883921, 178.177465719
36.8645985553, 178.065474769
36.8736470981, 178.012141163
36.8820295184, 177.915881671
36.8904262346, 177.787020743
36.8988333856, 177.908876855
36.9072023688, 178.076957108
36.9080998525, 178.401668556
36.9166576537, 178.929120699
36.9251943784, 178.821665123
36.9337001988, 178.971660054
36.9421262758, 179.166145968
36.9502942726, 179.202199603
36.9574603037, 179.434944966
36.9617872695, 179.081536811
36.9701303841, 179.12178443
36.9785330116, 179.109577762
36.986959204, 179.122934413
36.9954031772, 179.193309471
36.9987828524, 178.911794966
37.0070368919, 178.984867567
37.0153405011, 179.053878852
37.023671759, 179.147733833
37.0320081823, 179.156184951
37.0403443033, 179.064839573
37.0486425909, 179.162937188
37.0568548888, 179.253454191
37.0651897774, 179.32097869
37.0735324314, 179.23217039
37.081879595, 179.242614261
37.0902246209, 179.151577217
37.0985670517, 179.121709704
37.1066411494, 179.10110771
37.1144512709, 179.204750506
37.1222563208, 179.130233331
37.1300510063, 179.13230679
37.1378309422, 179.1062214
37.1455860911, 179.077986869
37.1534138946, 179.042621288
37.1610712867, 178.991015953
37.1687942958, 178.942552271
37.1765497333, 178.989539247
37.1779576558, 178.868621521
37.1854672185, 178.669974227
37.1929832881, 178.66678649
37.2005179004, 178.716528668
37.2080803275, 178.758428474
37.2156441477, 178.685274501
37.2231630177, 178.580235789
37.2306109787, 178.538887424
37.2381744487, 179.31594423
37.2395000297, 178.806211931
37.2454132279, 179.433195121
37.2470527097, 179.190878893
37.2546182516, 179.331473191
37.2621918455, 179.526279622
37.2697675563, 179.608277762
37.2773367881, 179.685070464
37.284523347, 179.778471427
37.2848922163, 179.738256997
37.2923219395, 179.74597898
37.3001092672, 179.810478037
37.3078867291, 179.805307343
37.3156585698, 179.768897652
37.3234973996, 179.826113707
37.3313229147, 179.844513316
37.3391504371, 179.831607474
37.3469795769, 179.809700072
37.3548100469, 179.613161664
37.3626142577, 179.829319923
37.3703914559, 179.807323834
37.3781611221, 179.868315309
37.3859288017, 179.948108065
37.3936950689, 180.19055405
37.4014623407, 180.489160985
37.409232128, 180.642051988
37.4166461041, 180.514919258
37.4170066733, 180.866351327
37.4242723983, 180.735617162
37.4324885119, 180.828638777
37.4400791438, 180.844637228
37.4476954125, 180.92094595
37.4553104433, 181.073869228
37.4629113169, 181.178558624
37.4704900561, 181.461949364
37.4780466542, 181.68719406
37.4855916862, 181.691307921
37.4931389106, 181.806100445
37.5006944419, 181.710103632
37.5082605495, 181.638486121
37.5091871688, 181.512771077
37.5169269729, 181.586318095
37.5246747728, 181.640247663
37.5324300019, 181.710503354
37.5404646004, 181.723886935
37.5492413745, 181.784506756
37.5575145699, 181.809608081
37.5658160419, 181.744234871
37.5741420627, 181.805720459
37.5824808959, 181.810977632
37.5908164839, 181.870158947
37.5991229437, 181.80005635
37.6073848904, 181.598883628
37.6148030335, 181.689729824
37.6156108992, 181.731999413
37.6232072838, 181.623814235
37.6316081814, 181.617536241
37.6399210099, 181.512299309
37.6484490524, 181.629539422
37.6569769814, 181.6701732
37.6655052456, 181.780412356
37.6740320042, 182.053490144
37.6825572369, 182.153010416
37.6910800853, 182.22727804
37.6995986999, 182.245377818
37.7081130619, 182.365440311
37.708404889, 182.206188099
37.7171121279, 182.582310241
37.72492957, 182.711650091
37.7335786481, 182.970544159
37.7351714025, 182.697648908
37.743617712, 182.758932454
37.7520591767, 182.773016835
37.7605080775, 182.866832492
37.7689592947, 183.06497369
37.7774118946, 182.739479325
37.7858709396, 183.059724659
37.7943436959, 183.049020667
37.8028292888, 183.117677859
37.8113217094, 183.231104146
37.819809551, 183.366999566
37.8282808674, 183.424632995
37.8367291155, 183.249196456
37.8451594388, 183.189969789
37.8535759352, 183.215980975
37.8619693517, 182.500639411
37.8708032175, 183.262503585
37.8793046336, 183.107611615
37.8878064118, 183.360110063
37.896308007, 183.038019121
37.9048077591, 183.786243266
37.913304629, 183.90298291
37.9217988714, 183.897304756
37.9302907365, 183.826234286
37.9387821638, 183.486966981
37.9472780069, 183.636238239
37.9557804402, 184.068187753
37.9642857907, 183.306193502
37.9725801707, 182.58437564
37.9806547374, 182.729907218
37.988711558, 184.100802939
37.9967488939, 184.466241485
38.0047912903, 184.10685656
38.0128232511, 183.766984345
38.0208525516, 184.459192404
38.028879172, 183.58071908
38.036907471, 184.712843891
38.0449522173, 184.416709907
38.0530152429, 183.67685674
38.06105546, 185.17478816
38.0690575701, 184.925558231
38.0770426416, 184.415999162
38.0851535099, 184.102552609
38.0932074952, 184.108590274
38.1012486709, 184.284120407
38.1093957448, 184.86456218
38.1110315169, 184.940484115
38.1193138011, 185.307273145
38.1262537971, 183.808173313
38.1289538282, 183.655854342
38.1369929887, 182.90401054
38.1451168033, 184.444723444
38.1533186089, 186.207343455
38.1615661044, 185.188228503
38.1698283467, 185.255808452
38.1780917876, 185.347667347
38.1806737423, 186.606059252
38.1889011683, 187.008392452
38.1971241953, 187.274755204
38.2053407378, 187.515304807
38.2137226565, 187.561259378
38.2219914447, 187.553284137
38.2302644507, 187.499747411
38.2385407024, 187.430240546
38.2468192324, 187.303752332
38.2471210174, 187.592690166
38.2554154776, 187.63492696
38.2637113741, 187.559949814
38.2720081732, 187.760424333
38.2803560893, 187.651550075
38.2887534297, 187.918307336
38.2971485263, 187.912289379
38.3055374767, 188.038740065
38.3139121276, 188.031593499
38.3149183352, 188.118406797
38.3235458517, 188.046700924
38.3319612602, 188.118641243
38.3403996993, 188.216880165
38.3488549945, 188.477067061
38.3573183097, 188.860657668
38.3657821915, 189.139886496
38.3742373985, 189.356653313
38.3826993348, 189.533700653
38.3911608921, 189.70286087
38.399622984, 190.078461952
38.408085568, 189.917377778
38.4165496309, 190.248395119
38.4250155157, 190.45648011
38.4334823, 190.825203182
38.4419889026, 190.928422821
38.4503825494, 190.123752531
38.4587655901, 191.260759855
38.4671406838, 190.727456828
38.4755110579, 190.749184061
38.477367501, 191.027017037
38.4859710201, 190.66535071
38.4948624302, 190.563088694
38.5037761992, 190.681315808
38.5127103703, 190.662832444
38.5216590399, 190.642637965
38.530616083, 190.768197919
38.5395776247, 190.839882772
38.5488047385, 190.861946567
38.5577573084, 191.275689711
38.566708696, 191.06529573
38.5756598367, 190.864483738
38.5846112316, 190.936224532
38.5935624777, 190.995626024
38.6025133769, 190.776919852
38.6114639437, 191.359938856
38.6204127279, 191.301611805
38.6293463688, 191.249343965
38.6382441929, 191.278828213
38.6384015399, 191.295400496
38.6473110278, 191.395191254
38.6560197882, 191.342466729
38.6648980302, 191.313189235
38.6739226186, 191.208307463
38.6829484232, 191.166341012
38.6919742588, 191.198892133
38.7010003888, 191.253845388
38.7100264432, 191.252653055
38.7190515964, 191.246630568
38.7280769209, 191.322162589
38.7371026293, 191.296940113
38.7461281264, 191.310501295
38.7551528646, 191.236736344
38.7641760989, 191.021242035
38.7731963456, 190.976889782
38.7813719959, 191.139615391
38.79135961, 191.28193328
38.8003894939, 191.352791234
38.8094190001, 191.225160972
38.818449024, 191.150822053
38.8272951545, 191.284173183
38.8274788725, 191.361367463
38.836391357, 191.32171229
38.8454910673, 191.414484608
38.8545909926, 191.543309578
38.863689192, 191.456816408
38.8727801191, 191.030741626
38.8818564492, 191.357343348
38.8908943949, 191.413964147
38.899979152, 191.882010351
38.9090699085, 191.944883136
38.9181659284, 192.218094763
38.9272646076, 192.09075045
38.9363631722, 192.319060587
38.9454619581, 192.588622292
38.9545603978, 192.841100397
38.9636591926, 193.128989026
38.9727580578, 193.452650293
38.9818565596, 193.74017711
38.9909542153, 193.714199124
39.0000520346, 193.611596952
39.0097900283, 194.039879918
39.0097900283, 193.932282006
39.0188185574, 194.201348216
39.0278597755, 194.31435629
39.0369041752, 194.300472862
39.0459520715, 194.356870764
39.0550070178, 194.385749333
39.0640753369, 194.473667865
39.0733082942, 194.562900199
39.074096709, 194.576012566
39.0834950639, 194.756109298
39.0928952104, 194.764633026
39.1022959147, 194.615665155
39.1116977605, 194.396679726
39.1220183806, 194.319093217
39.1305243052, 194.504773115
39.1399440615, 194.515614
39.1493678123, 194.076444955
39.1587868705, 194.442472802
39.1681972342, 194.511853009
39.1775972544, 194.661144617
39.186988358, 194.738559274
39.196374667, 194.884785982
39.2057606752, 195.036049184
39.2151489661, 195.16120752
39.2235944335, 195.137159768
39.224539692, 195.405321514
39.2322441942, 195.248534674
39.234644192, 195.508769292
39.2439691975, 195.496174734
39.2532858203, 195.753313883
39.2625946492, 195.718172454
39.2718961169, 195.357151476
39.2811923503, 195.591117626
39.2836470539, 195.915464787
39.2929498972, 196.181352873
39.3022529566, 196.246569739
39.311556684, 196.295163826
39.3208602912, 196.648956629
39.323440446, 196.690613426
39.331627942, 196.50619898
39.3407333027, 196.490822274
39.3499182638, 196.647677436
39.350624201, 196.414504708
39.359908486, 196.47621347
39.3692641996, 196.485155091
39.378657726, 196.405703266
39.3880706861, 196.408771683
39.3975563174, 196.361336127
39.4069565933, 196.388598782
39.4163605886, 196.484479849
39.4257653597, 196.616740656
39.4351705112, 196.621907768
39.4445757578, 196.691858523
39.453980294, 196.792960144
39.4633855713, 196.996819247
39.4727891889, 197.09335878
39.4821883976, 197.232034158
39.4833067601, 197.358226576
39.4926877194, 197.331737508
39.502060077, 197.434225215
39.5114233733, 197.560365901
39.520689465, 197.649623983
39.530051208, 197.971553403
39.5394131399, 198.138444029
39.5487749869, 198.371591542
39.5492433126, 198.251230057
39.558621346, 198.256389682
39.56800371, 198.233608424
39.5773914364, 198.212944418
39.5867828487, 198.166153754
39.596172082, 198.202981779
39.6057452319, 198.154215605
39.6151414439, 198.209783292
39.6245401077, 198.108617612
39.6339410905, 197.805527671
39.6433430306, 197.693060178
39.6527450937, 197.421799014
39.6621477628, 197.639620271
39.6715505681, 197.426504232
39.6809534029, 197.836540454
39.6911746032, 197.812393562
39.6911746032, 197.512984113
39.7004695808, 197.125794785
39.7098073435, 196.863804985
39.719186988, 197.597675922
39.7285938114, 197.597533339
39.7380122305, 197.699755159
39.7474348392, 197.496438504
39.7568568281, 197.6149061
39.7667727767, 197.151387002
39.7757073643, 198.322840086
39.7851162868, 198.182429881
39.7945266857, 197.823912436
39.8039361314, 198.843077146
39.8133459745, 198.630405238
39.8227632119, 199.0584447
39.8321829317, 199.229891332
39.8412165077, 199.674887911
39.8505645679, 199.318325704
39.859945354, 199.828524442
39.8605179763, 199.11415614
39.8699064746, 199.68261943
39.8793037199, 199.524456454
39.8887044637, 199.588218238
39.898106382, 199.585714145
39.9075080077, 199.842068903
39.9169101443, 200.110032275
39.926312617, 200.06057298
39.9357166805, 200.141889172
39.9451334206, 200.236470671
39.9545340384, 200.271893924
39.963904165, 200.203768422
39.9732396946, 200.368957572
39.982363639, 200.892729417
39.982559393, 200.801010694
39.9917025087, 200.69668508
40.0010386276, 200.712508311
40.0102853777, 200.784519884
40.0195328723, 200.99315198
40.021809263, 201.022378448
40.0310715509, 201.164002945
40.0403421905, 201.210593369
40.049602517, 201.054695273
40.0587941028, 201.333806278
40.0610426118, 201.38168754
40.0700436277, 201.387760017
40.0789762485, 201.153825509
40.0882291995, 201.102975319
40.089483776, 201.008377614
40.0987634366, 200.86008512
40.1080856015, 200.561641268
40.1174383784, 200.464915626
40.1268097848, 200.560271869
40.1361904446, 200.553240616
40.1455736647, 199.94677917
40.1468432098, 200.133046161
40.1562369103, 200.173249653
40.1654941948, 200.796851071
40.1749159047, 199.907602626
40.1843374984, 201.034468334
40.1937588793, 201.177410066
40.2031807243, 201.618273241
40.2126025438, 201.690476865
40.2220230453, 201.869366545
40.2314435729, 201.959062841
40.2408637328, 202.094481746
40.250200206, 202.398202285
40.2596125037, 202.777790861
40.2690246372, 202.712394594
40.2777906256, 202.882866286
40.2784368152, 203.08016046
40.287193662, 202.816744645
40.2965969666, 202.803546853
40.306000305, 202.952899757
40.3154066647, 203.227796624
40.3248152915, 203.489420651
40.3341997774, 203.481888157
40.3435043822, 203.497680763
40.3442425432, 203.630228581
40.3529820015, 203.622447795
40.3622649831, 203.744793016
40.3639042585, 203.379555914
40.3732209395, 203.586959146
40.3825516882, 203.064875407
40.3918935167, 202.795362324
40.4012441227, 203.797422324
40.4106005175, 204.330877572
40.4199599667, 204.86910913
40.4293215016, 205.001120551
40.4309497334, 205.456563575
40.4403060425, 205.563981817
40.4492443777, 205.498851389
40.458589362, 205.612935259
40.4678741432, 205.403094083
40.4679471068, 205.397720654
40.4772585114, 205.43965116
40.4866529269, 205.542083539
40.496050444, 205.602534667
40.5054516274, 205.625209236
40.5148562091, 205.632960903
40.5242636023, 205.699125241
40.5336736598, 205.853279786
40.5430833906, 205.96644371
40.552491982, 206.199702679
40.5618991649, 206.319443356
40.571297165, 206.314634844
40.5806998277, 206.455353209
40.5901017298, 206.522134872
40.5995034952, 206.680719638
40.6089059868, 206.750109427
40.6181400867, 206.801283642
40.6272060763, 206.8147882
40.6362720932, 206.865259072
40.6453326101, 206.896668712
40.654377005, 206.574539834
40.6633736383, 207.171831081
40.6739036179, 206.933709412
40.6828795798, 206.926533855
40.6919307326, 207.137348248
40.70099504, 207.075118883
40.7100581286, 207.111043917
40.719073928, 207.046737212
40.7280419248, 206.937097723
40.7369885675, 207.005012178
40.746097987, 206.853260128
40.7550858945, 206.738288418
40.7640747148, 206.636104884
40.7730622792, 206.642297654
40.7820498059, 206.545502454
40.7910378924, 206.624188285
40.8000246695, 206.965694928
40.8090109049, 206.959317834
40.8179958588, 206.84537784
40.8269794509, 206.887831759
40.8359622977, 207.049525591
40.8448545486, 207.374727918
40.8538277731, 207.660524497
40.8628017177, 207.881615878
40.8717945546, 207.740694494
40.8808170143, 207.67557405
40.8898449025, 207.854172016
40.8988575248, 207.617243943
40.907846289, 207.762641701
40.9168213799, 207.586986801
40.9257950521, 207.631974713
40.9348548269, 207.686341171
40.94386933, 207.623305744
40.9528840303, 207.465859141
40.9618988005, 207.300018772
40.9709132846, 207.665157922
40.9799292757, 207.96254324
40.9889468175, 208.172756648
40.9979660415, 208.235406219
41.0069867511, 208.221963255
41.0160092029, 208.352999169
41.0250327083, 208.403478868
41.0340579407, 208.465207884
41.0430828547, 208.574330884
41.0521086971, 208.596475697
41.0611338877, 208.726864893
41.0701590825, 208.966248491
41.0786603691, 209.202070211
41.0866453205, 209.21868906
41.0946315063, 209.148793363
41.1026094272, 209.045220549
41.1105280726, 208.85208407
41.1183338523, 208.885710733
41.1262375114, 208.940489455
41.1341587573, 208.872278227
41.1420957623, 208.782665687
41.1500539257, 208.728702546
41.1580298738, 208.799391539
41.1660147203, 208.756825184
41.1740034921, 208.849910779
41.1819731721, 208.954920168
41.1898920466, 208.996448725
41.1972928661, 208.892347029
41.205178681, 209.012688711
41.2130903653, 209.243742534
41.2135731292, 208.930173297
41.2212237177, 209.130963527
41.2288874842, 209.158021171
41.2365538185, 209.048972662
41.2442064288, 208.767485754
41.2517561532, 208.623156448
41.2591438051, 208.177221149
41.2603016862, 208.82496266
41.2678268766, 208.618059907
41.2753044467, 208.896775124
41.2778980729, 209.026709949
41.2839996609, 208.848787965
41.2922420031, 208.921250579
41.3008968937, 209.074750875
41.3099708396, 208.62899827
41.3190439489, 208.523494413
41.3281166611, 209.150822117
41.3371891397, 209.070359404
41.3465181108, 209.166173278
41.3555858821, 209.375060994
41.3646244718, 209.683969602
41.3736008323, 210.001660589
41.3825113823, 210.109684783
41.3838075083, 210.23869177
41.3927221579, 210.306194883
41.4015832557, 210.274492574
41.4115895198, 210.219954557
41.4206514846, 210.194269958
41.4297302181, 210.229487769
41.4387460402, 210.217451074
41.447809207, 210.235808897
41.4568910187, 210.066410515
41.4584921342, 210.403486955
41.4675275232, 209.95255135
41.4765639656, 210.020661152
41.4856019832, 210.084708167
41.4946422005, 210.120405024
41.5041854153, 209.70671248
41.5131886759, 209.79879453
41.5222239268, 210.285040955
41.5312781419, 210.069933567
41.5403360447, 209.379337993
41.5407960562, 209.836711024
41.5498967701, 209.995893146
41.557968358, 210.019272899
41.5680045639, 210.437517214
41.5766517521, 210.910394903
41.5770916596, 210.881554741
41.5857067281, 211.437369948
41.5947649743, 211.686264289
41.6038248571, 212.126234101
41.6128859671, 212.539831506
41.6219481044, 212.690780192
41.6310116849, 212.904593835
41.6399173391, 213.037568676
41.6489724848, 213.096919603
41.6580305581, 213.150199946
41.6670930311, 213.171296047
41.668406393, 213.093456683
41.6775222726, 213.176865949
41.6866403084, 213.16943147
41.6957545545, 213.127202381
41.704860568, 213.160932007
41.7139587576, 213.156637173
41.7233542288, 213.225508577
41.7324259714, 213.284410697
41.7415049153, 213.332083279
41.7505983341, 213.355279475
41.7597080807, 213.239494595
41.7688289791, 213.209048039
41.7779522578, 213.24570102
41.7869016692, 213.044041502
41.7870750782, 213.125396546
41.795975938, 213.078132326
41.8044839233, 213.140089503
41.8142917082, 212.711634539
41.8232957275, 212.475676272
41.8323244288, 212.534078691
41.8413992634, 213.066439504
41.8504970378, 213.142102683
41.8595818574, 213.582367538
41.8686550172, 213.826578961
41.877722315, 213.984765968
41.8867825957, 214.101296112
41.8958379533, 214.19314039
41.9051903803, 214.17022086
41.9139640975, 214.274596346
41.922828771, 214.34058422
41.931776764, 214.323700426
41.9324829306, 214.12041577
41.9414696906, 214.265428039
41.9504946182, 214.173251941
41.9595241145, 214.219667567
41.9685534939, 214.243878766
41.9775830572, 214.312704282
41.9866118802, 214.365476232
41.9956411022, 214.363780357
42.0046669182, 214.342822697
42.0136774005, 214.309963255
42.0226671823, 214.224932168
42.031649618, 214.153515319
42.0406112912, 214.229796758
42.0406912617, 214.137883668
42.0495568272, 214.28086763
42.0584998383, 214.29676884
42.0671546937, 214.248107424
42.0755155957, 214.305047554
42.083850203, 214.403950547
42.0921464709, 214.471216933
42.1013793053, 214.462122733
42.1095542981, 214.367005222
42.1178090165, 214.324824421
42.1204896959, 214.172343942
42.1285799541, 214.207713774
42.1366892871, 214.287939067
42.1448018526, 214.322175898
42.1529160776, 214.378722473
42.1610374997, 214.403642278
42.1691688796, 214.405116366
42.1773127348, 214.537268512
42.1785320634, 214.248348618
42.1864709176, 214.045886778
42.1943428537, 214.056041337
42.2023121067, 214.002158331
42.2102814926, 214.236818951
42.218256423, 214.268670733
42.2262413578, 214.454363457
42.2342324285, 214.501065587
42.2422157258, 214.391974138
42.2501774398, 214.944257405
42.2581254704, 214.909108711
42.2593158901, 215.234224157
42.2674617856, 215.243478818
42.2755836127, 215.256859544
42.2836718229, 215.274642289
42.2917554963, 215.271099097
42.2998748009, 215.194248424
42.3080014226, 215.098841762
42.3165052257, 214.933399794
42.3167252157, 215.02482076
42.3258811982, 215.109601069
42.3352750131, 215.334214043
42.3446355663, 215.43578684
42.34481794, 215.384729845
42.3538205023, 215.645898982
42.3630938422, 215.737302546
42.3640737823, 215.603651433
42.3734422329, 215.520895624
42.3828137622, 215.58834259
42.39218996, 215.638389589
42.4015735833, 215.76374041
42.4109545746, 216.088985819
42.4203131489, 216.334075573
42.4296520027, 216.456797608
42.4389829441, 216.70389933
42.4491616742, 217.067012473
42.4567357924, 217.316842608
42.4575758077, 217.09814132
42.4666844762, 217.183841173
42.4759134217, 217.215264159
42.4852494383, 217.224468023
42.4946103119, 217.22440861
42.50396195, 217.208810239
42.5133051388, 217.423360976
42.5226416216, 217.486430131
42.5312159175, 218.003680876
42.5319694611, 216.458897904
42.5392853496, 216.543481009
42.5438927122, 217.599682979
42.5528932315, 216.542755874
42.5620413244, 217.530946893
42.5712206791, 217.138385594
42.5803984304, 217.158254448
42.5895643429, 217.160071289
42.5943080431, 217.523007763
42.603378333, 217.246930321
42.6121746542, 217.168051205
42.6212690147, 217.12241272
42.6297971342, 217.076906996
42.6305686565, 217.302372716
42.6391613474, 217.134331784
42.6485329628, 217.190008611
42.657909047, 217.308120168
42.6672631274, 217.308194064
42.6679679857, 217.605683756
42.6767458815, 217.583249257
42.685236866, 217.53778883
42.6877711605, 217.347414595
42.6970686462, 217.349070491
42.7064032868, 217.434684319
42.7157546482, 217.415543864
42.7251137392, 217.60659002
42.7344751108, 217.694096159
42.7438315101, 217.780666271
42.7531696125, 218.014444066
42.7630045773, 218.241740464
42.7723679261, 218.407451099
42.7817076896, 218.481306233
42.7831447054, 218.72112704
42.7924666587, 218.809037589
42.8017592729, 218.73692419
42.8133777327, 218.626716121
42.8275425519, 218.752252048
42.8415739541, 219.230951824
42.8556017734, 219.605786362
42.856599509, 219.439318415
42.8722660587, 219.541357446
42.8861361452, 219.554184134
42.900234995, 219.70126389
42.9143437341, 219.766363683
42.9283886819, 219.937744069
42.9330458488, 220.149094477
42.946816746, 220.171093631
42.9609506939, 220.479596241
42.9750404262, 220.475088128
42.9890203199, 220.677087228
42.9925300914, 221.023324966
43.0024978067, 221.043337864
43.0071556047, 220.684509012
43.019416517, 221.064825252
43.0241433084, 220.850920582
43.036967614, 221.10249937
43.0417154111, 221.04563296
43.0547684718, 221.194811499
43.0688160157, 220.646482586
43.0828771363, 220.903830379
43.0969306603, 220.962479681
43.1112497901, 221.050616571
43.1253110738, 221.346602758
43.1266668279, 221.494611727
43.1402077784, 221.728781951
43.1430242313, 221.538251786
43.1542267736, 221.654357994
43.1641389592, 221.808901049
43.1676379781, 221.739864675
43.1770583679, 221.88896558
43.1865721803, 221.855326242
43.1890409946, 221.80310506
43.1988856116, 221.900371961
43.2073904967, 221.93348801
43.2118498246, 221.767945182
43.2201425568, 221.782138626
43.2285371831, 221.872112723
43.2369895737, 221.904007582
43.2455064013, 221.958450843
43.247911381, 221.853861587
43.2560566287, 221.855903839
43.26541927, 222.434177043
43.2759720856, 221.506256952
43.2865290711, 222.503495903
43.2970953251, 222.345236457
43.3076748482, 222.302852274
43.3182669637, 222.306558736
43.328872675, 222.221600184
43.3404917084, 222.233686691
43.340906366, 222.272299331
43.3539280129, 222.230532049
43.3663200258, 222.279612469
43.3787081035, 222.137685503
43.3801512838, 222.329827703
43.3925042272, 222.327287938
43.4048645941, 222.411526162
43.4062411502, 222.409208687
43.4172087043, 222.468363806
43.431656904, 222.492024414
43.4322233885, 222.477898916
43.4462209915, 222.438749765
43.4602462822, 222.229065625
43.4742952062, 222.049869383
43.4883237097, 222.023916081
43.5023334384, 221.996217013
43.5163880534, 222.155502712
43.5304402317, 221.917526129
43.5444934866, 222.349555718
43.5585522313, 222.755239028
43.572622882, 223.106871815
43.5866939114, 223.107929571
43.587599544, 222.982102547
43.6017676971, 223.175834729
43.6159295193, 223.194326816
43.6274873296, 223.334285075
43.6364593795, 223.463847274
43.6453697782, 223.535825304
43.6543233335, 223.664579738
43.6632837241, 223.72312312
43.6722576478, 223.754939435
43.681248085, 223.864472593
43.6902429065, 223.844111455
43.6992403514, 223.894963476
43.7082382891, 223.847210293
43.7172345078, 224.081067808
43.7262285448, 224.275478708
43.7352197756, 224.451877061
43.7442086303, 224.447040548
43.7533396957, 224.474009757
43.7623002783, 224.495983653
43.7712635996, 224.539447165
43.7802224525, 224.633616134
43.7891586241, 224.745485052
43.7980703017, 224.767400902
43.8069676116, 224.723630791
43.8168652581, 224.704800741
43.8258213132, 224.730129592
43.8347959056, 224.727429555
43.8437805231, 224.806230412
43.8527586236, 224.88567813
43.8617136303, 224.916439178
43.8706417116, 224.981225827
43.8795467507, 225.14052596
43.8887229336, 225.143617178
43.8975143019, 225.193305997
43.9062967542, 225.196708693
43.9146816518, 225.126033358
43.9161007524, 225.543871556
43.9244002091, 225.562853952
43.932635, 225.632030408
43.9408095658, 225.6351225
43.9511088195, 225.514842896
