Station, Elevation
33.977109628, 110.613266262
33.9852797742, 110.620409916
33.9856065056, nan
33.9938107301, 110.628874115
34.0022889755, 110.638377437
34.0107205114, 110.643813884
34.0191237015, 110.64514755
34.0191387816, 110.64520388
34.0275949882, 110.645924262
34.0360027947, 110.650981458
34.0443765956, 110.651175544
34.0446434234, 110.66053032
34.0530885838, 110.667047862
34.061547533, 110.673737732
34.0619676494, 110.677728789
34.0705224918, 110.690308675
34.0790959445, 110.710127484
34.0882216104, 110.719690217
34.0967350364, 110.740978281
34.0988891618, 110.747408547
34.1073337426, 110.772054693
34.1157812303, 110.823663984
34.12422553, 110.846092934
34.1260612757, 110.849718386
34.1344058204, 110.867251136
34.1427771604, 110.880455435
34.1511926809, 110.886446363
34.1600401616, 110.890497359
34.1686256324, 110.892268412
34.1772475271, 110.894918868
34.1858950113, 110.895920829
34.1945498466, 110.893640808
34.1949698646, 110.895156624
34.2035513094, 110.894588406
34.2121325889, 110.900119993
34.2197887189, 110.902191305
34.2292199138, 110.905404227
34.2378059589, 110.902836331
34.2464054795, 110.900735457
34.2550066939, 110.895802228
34.2634162598, 110.893760335
34.2716391202, 110.908432957
34.2798591116, 110.905865713
34.2873858173, 110.906799683
34.2963432724, 110.904264378
34.3045206608, 110.910990295
34.3126786911, 110.915189143
34.320827617, 110.920224438
34.3290575486, 110.91291744
34.3371365524, 110.915733543
34.3453010689, 110.911425659
34.3529769537, 110.88095243
34.354293201, 110.873300087
34.3623654082, 110.956619154
34.3707181811, 110.872915234
34.3788879542, 110.910679731
34.3810345352, 110.921049242
34.3892995223, 110.907842272
34.397495631, 110.876677065
34.4055897269, 110.946230518
34.4084454006, 110.921643595
34.4148141058, 110.747141603
34.4176713884, 110.736753068
34.4259368322, 110.543834182
34.4345811883, 110.606422731
34.4432730043, 110.94196502
34.4520761901, 110.507715252
34.460688727, 110.840000619
34.4692134214, 110.594600549
34.4774492051, 110.783951249
34.4852672099, 110.953120352
34.4933652811, 112.729132477
34.5014763185, 112.713434594
34.5042808663, 111.790404902
34.5123907322, 112.319964277
34.5205173194, 112.894967672
34.5286551371, 113.256280085
34.5368005394, 113.533724031
34.5449507204, 113.674831687
34.5531173845, 113.740084238
34.5615660819, 113.761697757
34.5688869151, 113.750162136
34.5734543715, 113.769530954
34.5814874002, 113.775920014
34.5895450559, 113.78004064
34.5976066827, 113.777569852
34.6056688462, 113.784439673
34.613729217, 113.799422483
34.6183123939, 113.801307951
34.6263703535, 113.811208567
34.6344058806, 113.815656949
34.6424017617, 113.820023739
34.6503468655, 113.821020956
34.6549461797, 113.833700502
34.6619515417, 113.801768734
34.6702182784, 113.8188729
34.6784827436, 113.826863391
34.6867444848, 113.805409979
34.6950039025, 113.832363301
34.7032621001, 113.83396976
34.7115188813, 113.858509414
34.7197758492, 113.878815146
34.7280323607, 113.879128577
34.7362447717, 113.889460865
34.7443897705, 113.881333748
34.752857529, 113.895376264
34.7588450806, 113.903154906
34.7608010777, 113.901060037
34.7681021189, 113.913774647
34.7757627091, 113.916952462
34.7835649434, 113.92107089
34.7913743484, 113.932659466
34.7991768157, 113.932299494
34.8069675705, 113.931860594
34.8147372133, 113.941027017
34.8224412551, 113.935285298
34.8298953863, 113.925213952
34.832707873, 113.935159399
34.8403261371, 113.919035504
34.8479302943, 113.922841692
34.8555036061, 113.923545967
34.8629878259, 113.921106432
34.8725612812, 113.923575351
34.878869624, 113.922469134
34.8852874731, 113.912540486
34.8917717089, 113.904934969
34.8982794553, 113.91000803
34.9047944825, 113.900552547
34.9113128154, 113.897691483
34.9178297162, 113.903096442
34.9243457565, 113.877601275
34.930860804, 113.873220001
34.9373743537, 113.928814096
34.9440738471, 113.971531325
34.9507463616, 113.980734203
34.9572752088, 114.008807668
34.9638065153, 114.033981616
34.9715375213, 114.092479348
34.9804455541, 114.12051551
34.9893570856, 114.145540582
34.998271886, 114.19624697
35.0071893556, 114.220552442
35.0161085248, 114.232633567
35.0250291826, 114.21536827
35.0339495629, 114.186822186
35.0426306015, 114.170092347
35.0514139528, 114.116026865
35.0601530868, 114.129448955
35.0640043589, 114.181153822
35.0728289329, 114.299333067
35.0815746495, 114.429260294
35.0909315395, 114.543193072
35.0994909388, 114.681052567
35.108158003, 114.761168128
35.1168527465, 114.794693213
35.1191298148, 114.975521521
35.1277584364, 115.069190957
35.1363802189, 115.185693315
35.1449907434, 115.258763616
35.1527427621, 115.296272255
35.1621680014, 115.334449088
35.1707504595, 115.331209392
35.1725619222, 115.367468141
35.1811191864, 115.375119339
35.1897627048, 115.380163456
35.1984328794, 115.388184892
35.2071006656, 115.394874498
35.2166751187, 115.400638943
35.224387985, 115.396617289
35.2326367801, 115.412121207
35.2406939443, 115.372896738
35.2414555331, 115.335085121
35.2494081921, 115.436322793
35.2573551725, 115.382337017
35.2653513934, 115.394489475
35.273685635, 115.398239399
35.2743085139, 115.364831353
35.2831790559, 115.414329546
35.2922169596, 115.400576953
35.3012372158, 115.417181782
35.3091946445, 115.37247753
35.3102524116, 115.41844411
35.3180943416, 115.389755356
35.3269942754, 115.268799098
35.3358944666, 115.455690021
35.3446060763, 115.467503259
35.3535092037, 115.531672876
35.3624174062, 115.545700152
35.3706685844, 115.558314198
35.3782804589, 115.584420016
35.3858881253, 115.602414843
35.3934823595, 115.623681126
35.401056907, 115.595578816
35.4086098133, 115.61569204
35.416146543, 115.611488462
35.4236772112, 115.621109635
35.4312061455, 115.606413091
35.4387357212, 115.631528507
35.4462658567, 115.628793519
35.4537899691, 115.644723994
35.4612916712, 115.657656792
35.4618864082, 115.659740918
35.4684993692, 115.663615723
35.4762950723, 115.6406624
35.4780872177, 115.641071477
35.4856476646, 115.625056422
35.493925537, 115.648130709
35.5029086784, 115.553356364
35.5119024847, 115.876366721
35.5197084979, 115.67714928
35.5209021067, 115.723840831
35.5287800924, 115.696499522
35.5378538539, 115.68898561
35.5469274185, 115.680605723
35.555997398, 115.659679721
35.5649867037, 115.604641235
35.5740533152, nan
35.5831148086, nan
35.5921735271, nan
35.6012311193, nan
35.6102892379, 117.244002248
35.6193458729, 117.25245698
35.6284021582, 117.120661495
35.6374583766, 117.141930928
35.6465180887, 117.165733255
35.6556611317, 117.178079089
35.6647165749, 117.163711731
35.6737658581, 117.183470882
35.6828154707, 117.238769104
35.6918728648, 117.258152343
35.7009372081, 117.268634521
35.7099935071, 117.276261681
35.7190246728, 117.284655907
35.7280232238, 117.283562008
35.7369919918, 117.28627457
35.7459427116, 117.287205464
35.7548840013, 117.283057046
35.7553249708, 117.28710451
35.7644899683, 117.283573428
35.7733170656, 117.282008348
35.782151766, 117.285306603
35.7910352466, 117.275794015
35.8000012033, 117.261630949
35.8090186035, 117.269134437
35.8180418743, 117.252013148
35.8270623991, 117.234537788
35.8360866957, 117.193467251
35.8447690174, 117.183001336
35.8451149689, 117.165405118
35.8538648408, 117.150329765
35.8629606502, 117.176422733
35.8710540661, 117.094377157
35.8733795919, 116.80243421
35.8821158723, 116.806162764
35.8909238263, 117.830594757
35.8998102059, 119.45194828
35.9087422205, 121.001619109
35.9177084526, 121.735958546
35.9267056631, 121.830869562
35.9357197456, 121.867994283
35.9447393775, 121.870994708
35.9537629269, 121.888042327
35.9627888464, 121.899205156
35.9724854954, 121.901128165
35.9810031722, 121.907938496
35.9899190387, 121.914469599
35.9922895908, 121.90573293
36.0014089494, 121.918088235
36.0079830279, 121.938839251
36.0104760566, 121.920193267
36.0169101921, 121.947258041
36.0257820721, 121.949215503
36.0346826874, 121.942731674
36.0436553807, 121.941108614
36.0520811262, 121.925206447
36.0610582959, 121.926393584
36.066904087, 121.928630096
36.0759110228, 121.969257182
36.0836721201, 122.036915821
36.0925326201, 122.086389068
36.0933539535, 122.079784218
36.10199478, 122.105057263
36.1106738687, 122.119670698
36.1193585837, 122.131307238
36.1280557108, 122.104376459
36.13595407, 122.137938451
36.142994351, 122.144476734
36.1500483089, 122.134810894
36.1571024461, 122.153572523
36.1643954208, 122.140383434
36.1715610804, 122.089316757
36.1787271231, 122.188270105
36.1858934647, 122.122280536
36.1941027791, 122.15668039
36.2033638902, 122.209769853
36.2126231094, 122.230650113
36.2218690538, 122.264731604
36.231076076, 122.300482786
36.2402344245, 122.32744306
36.2403180878, 122.327517189
36.2494758122, 122.346693212
36.2586162287, 122.374122234
36.2677456128, 122.387987732
36.2778008732, 122.401106683
36.2870604621, 122.428236799
36.2963259173, 122.452485827
36.3055957946, 122.470203687
36.3148716057, 122.470058296
36.3241626835, 122.477358469
36.3334700969, 122.454826529
36.3427785258, 122.472034042
36.3520818557, 122.478915801
36.3613843041, 122.488904264
36.3706864356, 122.510702803
36.3799880757, 122.527614629
36.3892901622, 122.535998166
36.3987219312, 122.559812221
36.4080204881, 122.585746902
36.4173197768, 122.60601927
36.426617569, 122.650377942
36.4359029708, 122.716688664
36.4451393429, 122.734215261
36.4543083902, 122.743874016
36.4568929802, 122.747522544
36.4659180992, 122.746391175
36.4748366018, 122.746596204
36.4837464947, 122.741626814
36.492641967, 122.759950772
36.4954766506, 122.72071277
36.504420281, 122.689148969
36.5133266008, 122.660201638
36.522280049, 122.567433537
36.5313493967, 122.72062248
36.5404256075, 123.526472181
36.5495101078, nan
36.5586080681, nan
36.5675470773, nan
36.5677198704, nan
36.576615696, nan
36.58568964, nan
36.5947650732, nan
36.6035171146, nan
36.6039195827, 125.282856248
36.612415217, 125.31736827
36.620900826, 125.550512264
36.6285289211, 125.699832438
36.6301244996, 125.838500306
36.6384498827, 125.89361331
36.646803488, 125.924804478
36.6551932267, 125.961140529
36.6636083178, 125.977136908
36.6720316309, 125.993173798
36.6804558189, 126.004162675
36.688880596, 126.00793691
36.6973054487, 126.028678498
36.7057296994, 126.034185195
36.7141542229, 126.039942783
36.7225790732, 126.043615317
36.7310037853, 126.03541307
36.7394283225, 126.053278375
36.7478528309, 126.054300296
36.7562778304, 126.0395553
36.7645770149, 126.045954714
36.7729889421, 126.047458427
36.7814198786, 126.039613504
36.7898194157, 126.043495037
36.7981671017, 126.05504723
36.8064956394, 126.050609424
36.8148212395, 126.054056618
36.8231465021, 126.041330655
36.8314717743, 126.050046702
36.8398016344, 126.062306452
36.8481694368, 126.069723451
36.8564883921, 126.071329346
36.8645985553, 126.058649776
36.8736470981, 126.051528871
36.8820295184, 126.044887673
36.8904262346, 126.019791914
36.8988333856, 126.049161022
36.9072023688, 126.043621306
36.9080998525, 125.943150579
36.9166576537, 126.187561963
36.9251943784, 126.142994444
36.9337001988, 126.152422335
36.9421262758, 126.105021823
36.9502942726, 125.997842526
36.9574603037, 127.221824701
36.9617872695, 125.796691674
36.9701303841, 126.296684161
36.9785330116, 126.689139954
36.986959204, 127.040773638
36.9954031772, 127.192906543
36.9987828524, 127.14929452
37.0070368919, 127.332466242
37.0153405011, 127.417364265
37.023671759, 127.497380949
37.0320081823, 127.498931101
37.0403443033, 127.461276348
37.0486425909, 128.350709742
37.0568548888, nan
37.0651897774, nan
37.0735324314, nan
37.081879595, 129.968139322
37.0902246209, 130.176530622
37.0985670517, 130.312817807
37.1066411494, 130.398239624
37.1144512709, 130.491688478
37.1222563208, 130.487217802
37.1300510063, 130.500862358
37.1378309422, 130.501742255
37.1455860911, 130.503410325
37.1534138946, 130.504971462
37.1610712867, 130.505321639
37.1687942958, 130.500669948
37.1765497333, 130.500319888
37.1779576558, 130.517287342
37.1854672185, 130.473910879
37.1929832881, 130.497776429
37.2005179004, 130.521007087
37.2080803275, 130.544706868
37.2156441477, 130.554117879
37.2231630177, 130.557727511
37.2306109787, 130.555603532
37.2381744487, 130.56457423
37.2395000297, 130.559837526
37.2454132279, 130.567973141
37.2470527097, 130.564985704
37.2546182516, 130.565214238
37.2621918455, 130.570872259
37.2697675563, 130.570555616
37.2773367881, 130.574640777
37.284523347, 130.576789193
37.2848922163, 130.578384055
37.2923219395, 130.575904803
37.3001092672, 130.581013738
37.3078867291, 130.582791101
37.3156585698, 130.583501448
37.3234973996, 130.591759098
37.3313229147, 130.598130878
37.3391504371, 130.598690815
37.3469795769, 130.608948478
37.3548100469, 130.597331289
37.3626142577, 130.605101848
37.3703914559, 130.610717976
37.3781611221, 130.610991164
37.3859288017, 130.6093786
37.3936950689, 130.617799949
37.4014623407, 130.628412331
37.409232128, 130.627540606
37.4166461041, 130.623353324
37.4170066733, 130.634249705
37.4242723983, 130.6275078
37.4324885119, 130.629867238
37.4400791438, 130.62874569
37.4476954125, 130.626952844
37.4553104433, 130.628734634
37.4629113169, 130.620290118
37.4704900561, 130.630422458
37.4780466542, 130.638280069
37.4855916862, 130.645568323
37.4931389106, 130.635453718
37.5006944419, 130.616660527
37.5082605495, 130.652444404
37.5091871688, nan
37.5169269729, nan
37.5246747728, nan
37.5324300019, nan
37.5404646004, nan
37.5492413745, nan
37.5575145699, nan
37.5658160419, nan
37.5741420627, nan
37.5824808959, 133.417901891
37.5908164839, 133.477003145
37.5991229437, 133.494757774
37.6073848904, 133.438213141
37.6148030335, 133.444808956
37.6156108992, 133.546290909
37.6232072838, 133.516572399
37.6316081814, 133.480275992
37.6399210099, 133.551890059
37.6484490524, 133.62606601
37.6569769814, 133.663349176
37.6655052456, 133.701243549
37.6740320042, 133.753230504
37.6825572369, 133.785159719
37.6910800853, 133.802316922
37.6995986999, 133.818893926
37.7081130619, 133.833163936
37.708404889, 133.791694188
37.7171121279, 133.855403953
37.72492957, 133.884836024
37.7335786481, 133.906769987
37.7351714025, 133.890889372
37.743617712, 133.912520882
37.7520591767, 133.91625734
37.7605080775, 133.931051251
37.7689592947, 133.962608322
37.7774118946, 133.932203637
37.7858709396, 133.9707697
37.7943436959, 133.976462864
37.8028292888, 133.990621455
37.8113217094, 134.001657072
37.819809551, 134.010750262
37.8282808674, 134.01558241
37.8367291155, 134.010551807
37.8451594388, 134.017842315
37.8535759352, 134.003897467
37.8619693517, 133.874607837
37.8708032175, 134.085908771
37.8793046336, 134.096228465
37.8878064118, 134.120100279
37.896308007, 134.110249463
37.9048077591, 134.156550195
37.913304629, 134.156921673
37.9217988714, 134.162274117
37.9302907365, 134.16286394
37.9387821638, 134.153892585
37.9472780069, 134.138906064
37.9557804402, 134.16113829
37.9642857907, 134.170075475
37.9725801707, 134.023228197
37.9806547374, 134.115044585
37.988711558, 134.716053212
37.9967488939, 134.780377173
38.0047912903, 134.763997421
38.0128232511, 134.749850216
38.0208525516, 134.784423962
38.028879172, 134.724859919
38.036907471, 134.796994789
38.0449522173, 134.79489583
38.0530152429, 134.701085743
38.06105546, 134.831760773
38.0690575701, 134.84578587
38.0770426416, 134.831330005
38.0851535099, 134.829060102
38.0932074952, 134.873271667
38.1012486709, 134.905779215
38.1093957448, 134.926831703
38.1110315169, 134.906704624
38.1193138011, 134.924410282
38.1262537971, 134.902624774
38.1289538282, 134.930334238
38.1369929887, 134.864887874
38.1451168033, 134.952421709
38.1533186089, 134.979364354
38.1615661044, 134.949228563
38.1698283467, 134.954420292
38.1780917876, 134.910686498
38.1806737423, 134.956754188
38.1889011683, 134.957433435
38.1971241953, 134.949999363
38.2053407378, 134.973621699
38.2137226565, 134.983952148
38.2219914447, 134.991016144
38.2302644507, 134.995364684
38.2385407024, 134.991544245
38.2468192324, 134.998263344
38.2471210174, 134.982577111
38.2554154776, 135.031718253
38.2637113741, 135.037588795
38.2720081732, 135.063737106
38.2803560893, 135.061189339
38.2887534297, 135.088260103
38.2971485263, 135.0862715
38.3055374767, 135.126329947
38.3139121276, 135.112441757
38.3149183352, 135.119290782
38.3235458517, 135.120230111
38.3319612602, 135.131019173
38.3403996993, 135.142689161
38.3488549945, 135.163460987
38.3573183097, 135.173689947
38.3657821915, 135.176884062
38.3742373985, 135.178789198
38.3826993348, 135.179990517
38.3911608921, 135.163577417
38.399622984, 135.206650731
38.408085568, 135.199373246
38.4165496309, 135.239264411
38.4250155157, 135.252445337
38.4334823, 135.265755208
38.4419889026, 135.277018832
38.4503825494, 135.146916413
38.4587655901, 135.362956767
38.4671406838, 135.276341695
38.4755110579, 135.275335381
38.477367501, 135.349522834
38.4859710201, 135.169392598
38.4948624302, 135.107053659
38.5037761992, 135.388968507
38.5127103703, 135.623600189
38.5216590399, 135.782508976
38.530616083, 135.872909583
38.5395776247, 135.916312191
38.5488047385, 135.999101723
38.5577573084, 136.12824925
38.566708696, 136.075281788
38.5756598367, 135.904906048
38.5846112316, 135.998073066
38.5935624777, 136.335567353
38.6025133769, 136.49746487
38.6114639437, 137.790815102
38.6204127279, 137.850135156
38.6293463688, 137.902811904
38.6382441929, 137.964933779
38.6384015399, 137.94393895
38.6473110278, 138.034937166
38.6560197882, 138.080163938
38.6648980302, 138.109318526
38.6739226186, 138.126432955
38.6829484232, 138.145211577
38.6919742588, 138.163546062
38.7010003888, 138.185959122
38.7100264432, 138.199340629
38.7190515964, 138.216494826
38.7280769209, 138.231218188
38.7371026293, 138.245488359
38.7461281264, 138.258461628
38.7551528646, 138.247525932
38.7641760989, 138.242852541
38.7731963456, 138.244027284
38.7813719959, 138.205631719
38.79135961, 138.168670857
38.8003894939, 138.24402028
38.8094190001, 138.266496732
38.818449024, 138.274713127
38.8272951545, 138.302073993
38.8274788725, 138.305540379
38.836391357, 138.301616819
38.8454910673, 138.307688164
38.8545909926, 138.316484326
38.863689192, 138.316890593
38.8727801191, 138.297638675
38.8818564492, 138.315656
38.8908943949, 138.284995274
38.899979152, 138.308485506
38.9090699085, 138.341006503
38.9181659284, 138.35740314
38.9272646076, 138.367543215
38.9363631722, 138.365463301
38.9454619581, 138.37856752
38.9545603978, 138.383906661
38.9636591926, 138.396546766
38.9727580578, 138.411057553
38.9818565596, 138.41427561
38.9909542153, 138.410408946
39.0000520346, 138.42034196
39.0097900283, 138.440576401
39.0097900283, 138.396257297
39.0188185574, 138.44841304
39.0278597755, 138.450759244
39.0369041752, 138.450385975
39.0459520715, 138.457421823
39.0550070178, 138.46702887
39.0640753369, 138.480611879
39.0733082942, 138.4894341
39.074096709, 138.484768403
39.0834950639, 138.500055518
39.0928952104, 138.508208219
39.1022959147, 138.505175773
39.1116977605, 138.508793736
39.1220183806, 138.503903107
39.1305243052, 138.536692974
39.1399440615, 138.523526858
39.1493678123, 138.479450203
39.1587868705, 138.507829626
39.1681972342, 138.511165655
39.1775972544, 138.500101897
39.186988358, 138.498720043
39.196374667, 138.556905759
39.2057606752, 138.557708003
39.2151489661, 138.58243461
39.2235944335, 138.638434631
39.224539692, 138.63708015
39.2322441942, 138.643147449
39.234644192, 138.645412366
39.2439691975, 138.597760756
39.2532858203, 138.692546784
39.2625946492, 138.721355849
39.2718961169, 138.588647173
39.2811923503, 138.734267494
39.2836470539, 138.813503952
39.2929498972, 138.890789047
39.3022529566, 138.78319755
39.311556684, 138.673462682
39.3208602912, 139.128208187
39.323440446, 139.442424669
39.331627942, 139.100481172
39.3407333027, 139.15484394
39.3499182638, 139.478459328
39.350624201, 139.421683387
39.359908486, 139.645277604
39.3692641996, 139.815727782
39.378657726, 139.95063077
39.3880706861, 140.106809786
39.3975563174, 140.183391041
39.4069565933, 140.216102629
39.4163605886, 140.255484942
39.4257653597, 140.307311692
39.4351705112, 140.335578395
39.4445757578, 140.380450865
39.453980294, 140.414358743
39.4633855713, 140.447697636
39.4727891889, 140.448217942
39.4821883976, 140.466082998
39.4833067601, 140.490455083
39.4926877194, 140.491385208
39.502060077, 140.527703364
39.5114233733, 140.536516956
39.520689465, 140.568696192
39.530051208, 140.610500491
39.5394131399, 140.656582565
39.5487749869, 140.693169041
39.5492433126, 140.686448095
39.558621346, 140.695675522
39.56800371, 140.705201994
39.5773914364, 140.710864916
39.5867828487, 140.713786346
39.596172082, 140.719007328
39.6057452319, 140.713834657
39.6151414439, 140.714900094
39.6245401077, 140.70940152
39.6339410905, 140.706716707
39.6433430306, 140.70608175
39.6527450937, 140.694393765
39.6621477628, 140.706453464
39.6715505681, 140.696064147
39.6809534029, 140.689865839
39.6911746032, 140.66738564
39.6911746032, 140.649114232
39.7004695808, 140.642641568
39.7098073435, 140.516176029
39.719186988, 141.153513029
39.7285938114, 141.080518223
39.7380122305, 141.143368214
39.7474348392, 141.140878452
39.7568568281, 141.220317533
39.7667727767, 141.14772839
39.7757073643, 141.302745126
39.7851162868, 141.280159153
39.7945266857, 141.17638066
39.8039361314, 141.308861331
39.8133459745, 141.162378377
39.8227632119, 141.43766405
39.8321829317, 141.508511113
39.8412165077, 141.602291554
39.8505645679, 141.550887656
39.859945354, 141.689517804
39.8605179763, 141.531406809
39.8699064746, 141.717011314
39.8793037199, 141.684637744
39.8887044637, 141.659638445
39.898106382, 141.60002133
39.9075080077, 141.672673004
39.9169101443, 141.86191509
39.926312617, 141.987798605
39.9357166805, 142.036068855
39.9451334206, 142.160112833
39.9545340384, 142.292040159
39.963904165, 142.408623907
39.9732396946, 142.61299056
39.982363639, 142.691957174
39.982559393, 142.70903152
39.9917025087, 142.707273979
40.0010386276, 142.710742411
40.0102853777, 142.71438299
40.0195328723, 142.718664193
40.021809263, 142.738168982
40.0310715509, 142.742304508
40.0403421905, 142.739593457
40.049602517, 142.707768696
40.0587941028, 142.794175341
40.0610426118, 142.752197644
40.0700436277, 142.794105756
40.0789762485, 142.816084836
40.0882291995, 142.836270812
40.089483776, 142.824608414
40.0987634366, 142.80769062
40.1080856015, 142.817482906
40.1174383784, 142.809352246
40.1268097848, 142.823971601
40.1361904446, 142.807892262
40.1455736647, 142.700833561
40.1468432098, 142.897655622
40.1562369103, 142.837433354
40.1654941948, 142.897959838
40.1749159047, 142.791639722
40.1843374984, 142.891320069
40.1937588793, 142.844609145
40.2031807243, 142.844182482
40.2126025438, 142.885930003
40.2220230453, 142.935015059
40.2314435729, 142.963295468
40.2408637328, 143.040645269
40.250200206, 143.128965082
40.2596125037, 143.172933289
40.2690246372, 143.163102683
40.2777906256, 143.269911969
40.2784368152, 143.284473077
40.287193662, 143.305453779
40.2965969666, 143.364175437
40.306000305, 143.381652919
40.3154066647, 143.411257078
40.3248152915, 143.466353651
40.3341997774, 143.487065309
40.3435043822, 143.547195929
40.3442425432, 143.564167848
40.3529820015, 143.628063844
40.3622649831, 143.716026909
40.3639042585, 143.705931491
40.3732209395, 143.784117372
40.3825516882, 143.773387209
40.3918935167, 143.773096082
40.4012441227, 143.688690041
40.4106005175, 143.891278584
40.4199599667, 143.92686608
40.4293215016, 143.925574399
40.4309497334, 143.978735528
40.4403060425, 143.978184165
40.4492443777, 144.04036532
40.458589362, 144.155387291
40.4678741432, 144.200515572
40.4679471068, 144.195061783
40.4772585114, 144.163110084
40.4866529269, 144.108147162
40.496050444, 144.003752228
40.5054516274, 144.343329363
40.5148562091, 144.760552666
40.5242636023, 145.089057032
40.5336736598, 145.374794728
40.5430833906, 145.62976447
40.552491982, 145.816435263
40.5618991649, 145.859356492
40.571297165, 146.11003625
40.5806998277, 146.591236644
40.5901017298, 147.006543015
40.5995034952, 147.230689531
40.6089059868, 147.309632698
40.6181400867, 147.354606171
40.6272060763, 147.412290844
40.6362720932, 147.463427053
40.6453326101, 147.411887199
40.654377005, 147.341611778
40.6633736383, 147.466261739
40.6739036179, 147.4095317
40.6828795798, 147.421434436
40.6919307326, 147.491025378
40.70099504, 147.558983745
40.7100581286, 147.595032106
40.719073928, 147.605922255
40.7280419248, 147.636975481
40.7369885675, 147.694652647
40.746097987, 147.740065242
40.7550858945, 147.734947979
40.7640747148, 147.749068281
40.7730622792, 147.757130947
40.7820498059, 147.753528062
40.7910378924, 147.766962643
40.8000246695, 147.776385454
40.8090109049, 147.78123387
40.8179958588, 147.787769976
40.8269794509, 147.793034546
40.8359622977, 147.794810357
40.8448545486, 147.798044852
40.8538277731, 147.809172953
40.8628017177, 147.804767965
40.8717945546, 147.808704533
40.8808170143, 147.792665261
40.8898449025, 147.803630484
40.8988575248, 147.77586715
40.907846289, 147.791267991
40.9168213799, 147.774251441
40.9257950521, 147.758791638
40.9348548269, 147.763333033
40.94386933, 147.747353412
40.9528840303, 147.708310028
40.9618988005, 147.397558288
40.9709132846, 147.598224883
40.9799292757, 147.902721956
40.9889468175, 148.042685605
40.9979660415, 148.112964689
41.0069867511, 148.001688497
41.0160092029, 148.080152117
41.0250327083, 148.096584276
41.0340579407, 148.125017549
41.0430828547, 148.258159906
41.0521086971, 148.432708679
41.0611338877, 148.847620233
41.0701590825, 149.262827413
41.0786603691, 149.389434457
41.0866453205, 149.462775177
41.0946315063, 149.491918839
41.1026094272, 149.457580092
41.1105280726, 149.441513041
41.1183338523, 149.628104303
41.1262375114, 149.811191903
41.1341587573, 149.849941771
41.1420957623, 149.864420077
41.1500539257, 149.86455988
41.1580298738, 149.886435053
41.1660147203, 149.888983494
41.1740034921, 149.922266024
41.1819731721, 149.94339144
41.1898920466, 149.944342547
41.1972928661, 149.935091978
41.205178681, 149.944701145
41.2130903653, 149.958361357
41.2135731292, 149.918502729
41.2212237177, 149.951269274
41.2288874842, 149.959386789
41.2365538185, 149.958774896
41.2442064288, 149.944253306
41.2517561532, 149.979768925
41.2591438051, 149.959470561
41.2603016862, 149.992392378
41.2678268766, 149.984083784
41.2753044467, 150.024980207
41.2778980729, 149.980833899
41.2839996609, 149.936064731
41.2922420031, 150.022376391
41.3008968937, 150.081537811
41.3099708396, 150.064939946
41.3190439489, 150.075157774
41.3281166611, 150.08922222
41.3371891397, 150.084139763
41.3465181108, 150.095076149
41.3555858821, 150.11738206
41.3646244718, 150.140688894
41.3736008323, 150.161172718
41.3825113823, 150.151861529
41.3838075083, 150.146792361
41.3927221579, 150.177491599
41.4015832557, 150.170543048
41.4115895198, 150.16600472
41.4206514846, 150.152416202
41.4297302181, 150.139042292
41.4387460402, 150.137762199
41.447809207, 150.138339617
41.4568910187, 150.148874471
41.4584921342, 150.167117241
41.4675275232, 150.117729876
41.4765639656, 150.145440019
41.4856019832, 150.130929536
41.4946422005, 150.206968883
41.5041854153, 150.183588878
41.5131886759, 150.205488004
41.5222239268, 150.269374932
41.5312781419, 150.243859849
41.5403360447, 150.11368318
41.5407960562, 150.137008734
41.5498967701, 150.039271018
41.557968358, 150.098978485
41.5680045639, 150.16261641
41.5766517521, 150.298185203
41.5770916596, 150.259648217
41.5857067281, 150.463948486
41.5947649743, 150.315267084
41.6038248571, 150.376882158
41.6128859671, 150.829773907
41.6219481044, nan
41.6310116849, nan
41.6399173391, nan
41.6489724848, 153.612170435
41.6580305581, 153.986753022
41.6670930311, 154.293999415
41.668406393, 153.624410076
41.6775222726, 154.132811382
41.6866403084, 154.632649675
41.6957545545, 155.206391939
41.704860568, 155.531568383
41.7139587576, 155.804911565
41.7233542288, 156.020455293
41.7324259714, 156.109453592
41.7415049153, 156.158624284
41.7505983341, 156.200078453
41.7597080807, 156.218331932
41.7688289791, 156.241483163
41.7779522578, 156.278225815
41.7869016692, 156.274389839
41.7870750782, 156.296659073
41.795975938, 156.301596659
41.8044839233, 156.31018588
41.8142917082, 156.292218098
41.8232957275, 156.251290536
41.8323244288, 156.192615035
41.8413992634, 156.247648961
41.8504970378, 156.126080514
41.8595818574, 156.258650698
41.8686550172, 156.314199746
41.877722315, 156.339307789
41.8867825957, 156.30717695
41.8958379533, 156.28603591
41.9051903803, 156.256208909
41.9139640975, 156.287030868
41.922828771, 156.333121554
41.931776764, 156.083715471
41.9324829306, 156.104509355
41.9414696906, 156.361347782
41.9504946182, 156.559103146
41.9595241145, 156.682755639
41.9685534939, 156.936431356
41.9775830572, 157.331369822
41.9866118802, 157.563470013
41.9956411022, 157.729371605
42.0046669182, 157.936526137
42.0136774005, 158.05987681
42.0226671823, 158.154238199
42.031649618, 158.165345651
42.0406112912, 158.213784933
42.0406912617, 158.163516781
42.0495568272, 158.219003868
42.0584998383, 158.175676402
42.0671546937, 158.267247729
42.0755155957, 158.405808408
42.083850203, 158.541023274
42.0921464709, 158.636986523
42.1013793053, 158.682872161
42.1095542981, 158.712404449
42.1178090165, 158.731557973
42.1204896959, 158.773481678
42.1285799541, 158.788543644
42.1366892871, 158.840290129
42.1448018526, 158.883248166
42.1529160776, 158.927446441
42.1610374997, 158.964735455
42.1691688796, 159.000817295
42.1773127348, 159.030053299
42.1785320634, 159.002907216
42.1864709176, 159.019066057
42.1943428537, 159.046672369
42.2023121067, 159.036111327
42.2102814926, 159.054772366
42.218256423, 159.066694268
42.2262413578, 159.071702329
42.2342324285, 159.081112803
42.2422157258, 159.074827931
42.2501774398, 159.085090363
42.2581254704, 159.081784357
42.2593158901, 159.087304755
42.2674617856, 159.076444398
42.2755836127, 159.070762731
42.2836718229, 159.067444922
42.2917554963, 159.06641716
42.2998748009, 159.06682016
42.3080014226, 159.066249264
42.3165052257, 159.036738663
42.3167252157, 159.049702191
42.3258811982, 159.049338879
42.3352750131, 159.025057927
42.3446355663, 159.000052157
42.34481794, 158.990288823
42.3538205023, 158.918720479
42.3630938422, 158.864866551
42.3640737823, 158.818447829
42.3734422329, 158.870890707
42.3828137622, 159.323479582
42.39218996, 159.684231434
42.4015735833, 159.863323973
42.4109545746, 160.062974099
42.4203131489, 160.264868503
42.4296520027, 160.354200458
42.4389829441, 160.396667251
42.4491616742, 160.46655846
42.4567357924, 160.586295911
42.4575758077, 160.604898885
42.4666844762, 160.626818448
42.4759134217, 160.656268751
42.4852494383, 160.65909173
42.4946103119, 160.638736564
42.50396195, 160.645535824
42.5133051388, 160.727427848
42.5226416216, 160.677686639
42.5312159175, 160.721892977
42.5319694611, 159.974979203
42.5392853496, 159.738043607
42.5438927122, 161.85269181
42.5528932315, 160.578832079
42.5620413244, 162.064267873
42.5712206791, 161.990484876
42.5803984304, 162.110857243
42.5895643429, 162.184606174
42.5943080431, 162.238146098
42.603378333, 162.204830094
42.6121746542, 162.219863348
42.6212690147, 162.210541787
42.6297971342, 162.216798939
42.6305686565, 162.216625807
42.6391613474, 162.214286361
42.6485329628, 162.235872572
42.657909047, 162.23326022
42.6672631274, 162.187963391
42.6679679857, 162.204797426
42.6767458815, 162.226013559
42.685236866, 162.246357744
42.6877711605, 162.27730194
42.6970686462, 162.33899021
42.7064032868, 162.460699751
42.7157546482, 162.41776856
42.7251137392, 162.388886523
42.7344751108, 162.377900005
42.7438315101, 162.285027921
42.7531696125, 162.341863442
42.7630045773, 162.528351567
42.7723679261, 163.026825952
42.7817076896, 163.318189101
42.7831447054, 163.42172536
42.7924666587, 163.772661547
42.8017592729, 164.123319625
42.8133777327, 164.369856876
42.8275425519, 164.801723849
42.8415739541, 165.30126958
42.8556017734, 165.678236757
42.856599509, 165.828113561
42.8722660587, 166.111222132
42.8861361452, 166.323383653
42.900234995, 166.473203754
42.9143437341, 166.456418859
42.9283886819, 166.506668717
42.9330458488, 166.54418807
42.946816746, 166.542091544
42.9609506939, 167.201922881
42.9750404262, 167.630146553
42.9890203199, 167.81674701
42.9925300914, 168.043324943
43.0024978067, 168.096734714
43.0071556047, 168.033019018
43.019416517, 168.080300703
43.0241433084, 168.137923526
43.036967614, 168.068325522
43.0417154111, 168.045284739
43.0547684718, 168.036838868
43.0688160157, 168.020911958
43.0828771363, 168.009390279
43.0969306603, 167.990323929
43.1112497901, 167.801185007
43.1253110738, 167.910674628
43.1266668279, 168.005900374
43.1402077784, 168.569955394
43.1430242313, 168.072369387
43.1542267736, 168.541337261
43.1641389592, 168.856157819
43.1676379781, 170.018169721
43.1770583679, 170.228176343
43.1865721803, 170.491915847
43.1890409946, 170.328885517
43.1988856116, 170.624322409
43.2073904967, 171.258547505
43.2118498246, 171.883741259
43.2201425568, 171.507104181
43.2285371831, 171.178594563
43.2369895737, 170.91935306
43.2455064013, 171.171076362
43.247911381, nan
43.2560566287, 174.681546795
43.26541927, 174.684798115
43.2759720856, 172.266950058
43.2865290711, 176.325382152
43.2970953251, 175.812647531
43.3076748482, 175.603982385
43.3182669637, 175.505541413
43.328872675, 175.766906782
43.3404917084, 176.132591728
43.340906366, 176.408210622
43.3539280129, 176.756510128
43.3663200258, 177.054713008
43.3787081035, 177.243525757
43.3801512838, 177.437069134
43.3925042272, 177.725015145
43.4048645941, 177.906502114
43.4062411502, 177.800805744
43.4172087043, 178.051881895
43.431656904, 178.347643086
43.4322233885, 178.355272352
43.4462209915, 178.541242996
43.4602462822, 178.62415476
43.4742952062, 178.695505375
43.4883237097, 178.753742437
43.5023334384, 178.77345123
43.5163880534, 178.774626407
43.5304402317, 178.78432831
43.5444934866, 178.767257098
43.5585522313, 178.787458921
43.572622882, 178.817093636
43.5866939114, 178.814010231
43.587599544, 178.827998046
43.6017676971, 178.831126448
43.6159295193, 178.894462502
43.6274873296, 178.926601561
43.6364593795, 178.982640151
43.6453697782, 179.033505265
43.6543233335, 179.127109267
43.6632837241, 179.17234426
43.6722576478, 179.224741003
43.681248085, 179.311110074
43.6902429065, 179.333295358
43.6992403514, 179.426197141
43.7082382891, 179.495134563
43.7172345078, 179.503554446
43.7262285448, 179.51445035
43.7352197756, 179.579384879
43.7442086303, 179.627020443
43.7533396957, 179.62138208
43.7623002783, 179.639132685
43.7712635996, 179.710317944
43.7802224525, 179.825224259
43.7891586241, 179.965196259
43.7980703017, 180.041098429
43.8069676116, 180.078171745
43.8168652581, 180.099987136
43.8258213132, 180.102714521
43.8347959056, 180.097264179
43.8437805231, 180.123741249
43.8527586236, 180.140535602
43.8617136303, 180.150142178
43.8706417116, 180.404186768
43.8795467507, 180.733325574
43.8887229336, 180.838436832
43.8975143019, 181.100398061
43.9062967542, 181.232814327
43.9146816518, 181.264390799
43.9161007524, 181.2851474
43.9244002091, 181.307597773
43.932635, 181.342939232
43.9408095658, 181.351167718
43.9511088195, 181.316565698
